901.844	-3.80286
903.917	1.27332
905.99	2.84009
908.062	3.88452
910.133	1.28546
912.203	2.75989
914.273	-3.12854
916.341	-0.868774
918.409	-0.703369
920.476	0.509888
922.543	0.871155
924.608	6.85718
926.673	8.77838
928.737	11.1141
930.8	10.9307
932.862	11.7965
934.924	13.2973
936.984	14.0828
939.044	16.3943
941.103	19.4317
943.162	20.078
945.219	21.5905
947.276	21.9689
949.332	17.2092
951.387	11.877
953.441	11.1808
955.494	5.19513
957.547	3.25873
959.599	6.41492
961.65	13.9328
963.701	12.0275
965.75	15.6999
967.798	12.592
969.846	14.2678
971.893	9.87946
973.94	13.5429
975.985	12.4036
978.029	11.7731
980.074	6.95605
982.117	4.7417
984.159	1.05701
986.2	-0.623535
988.241	1.80023
990.282	5.85284
992.32	10.6827
994.359	13.0039
996.396	17.4092
998.433	18.9496
1000.47	20.8534
1002.5	19.7544
1004.54	17.9521
1006.57	15.9668
1008.61	14.7883
1010.64	12.9815
1012.67	14.4355
1014.7	13.7392
1016.73	12.7518
1018.76	6.56995
1020.79	5.54327
1022.81	0.437683
1024.84	-0.859985
1026.86	-5.2655
1028.89	-4.32111
1030.91	-6.34503
1032.94	-3.4986
1034.96	-5.83936
1036.98	-0.804138
1039	5.25397
1041.02	6.42255
1043.04	7.22919
1045.06	9.17029
1047.08	4.2915
1049.1	2.98346
1051.11	1.75964
1053.13	1.0282
1055.14	-0.451416
1057.16	3.06256
1059.17	3.29407
1061.18	0.578491
1063.19	0.243347
1065.2	0.345581
1067.21	-1.62964
1069.22	-2.63031
1071.23	0.0183716
1073.24	0.625061
1075.25	-0.0211182
1077.25	1.56042
1079.26	2.72632
1081.26	4.80206
1083.27	6.17383
1085.27	9.35699
1087.27	11.3093
1089.27	12.1863
1091.27	10.7371
1093.27	9.16321
1095.27	13.5867
1097.27	15.1364
1099.27	14.8868
1101.27	17.4623
1103.26	21.1053
1105.26	15.9532
1107.25	13.962
1109.25	15.4346
1111.24	15.8212
1113.23	12.9878
1115.22	15.0039
1117.21	15.7163
1119.2	12.0162
1121.19	8.82556
1123.18	9.71747
1125.17	10.4206
1127.15	9.29706
1129.14	13.0026
1131.13	12.3494
1133.11	9.29877
1135.09	10.3746
1137.08	14.3155
1139.06	14.6864
1141.04	14.4164
1143.02	11.9544
1145	8.47821
1146.98	3.27844
1148.96	-0.479065
1150.94	0.246338
1152.91	-0.539795
1154.89	0.15564
1156.87	-2.26282
1158.84	0.919983
1160.81	-0.286804
1162.79	1.75934
1164.76	0.611877
1166.73	0.728027
1168.7	-3.03583
1170.67	-3.72961
1172.64	0.0205078
1174.61	-1.73566
1176.58	3.34357
1178.54	4.81232
1180.51	9.46637
1182.48	7.7984
1184.44	9.52264
1186.41	5.07349
1188.37	3.67792
1190.33	4.96716
1192.29	4.50775
1194.25	6.27734
1196.21	8.42047
1198.17	10.5139
1200.13	9.29718
1202.09	11.5263
1204.05	12.3712
1206	14.129
1207.96	17.0797
1209.91	18.8159
1211.87	20.9382
1213.82	24.4377
1215.77	29.9599
1217.73	31.937
1219.68	31.8461
1221.63	35.6144
1223.58	40.3083
1225.53	39.2795
1227.47	44.194
1229.42	47.9187
1231.37	50.6626
1233.31	52.5018
1235.26	61.8567
1237.2	65.058
1239.15	72.093
1241.09	75.9384
1243.03	78.1565
1244.97	80.5676
1246.91	81.8871
1248.85	83.9982
1250.79	86.2695
1252.73	88.1486
1254.67	85.1069
1256.61	87.872
1258.54	88.0852
1260.48	87.2702
1262.41	90.8636
1264.35	90.1155
1266.28	91.293
1268.21	93.2407
1270.15	94.8395
1272.08	95.2086
1274.01	99.8512
1275.94	101.585
1277.86	99.2715
1279.79	102.783
1281.72	95.5479
1283.65	94.5437
1285.57	91.619
1287.5	92.0344
1289.42	85.457
1291.35	87.2648
1293.27	86.0917
1295.19	83.7413
1297.11	76.7755
1299.03	79.0931
1300.95	75.69
1302.87	69.1429
1304.79	67.3876
1306.71	68.5557
1308.62	62.8389
1310.54	63.0428
1312.46	59.1522
1314.37	59.2906
1316.29	56.6005
1318.2	56.6215
1320.11	53.2773
1322.02	56.0584
1323.93	50.1122
1325.84	46.1439
1327.75	44.3233
1329.66	44.9703
1331.57	42.4395
1333.48	40.2998
1335.38	40.6298
1337.29	38.3967
1339.2	35.2953
1341.1	34.6407
1343	34.632
1344.91	35.4211
1346.81	33.8615
1348.71	33.5731
1350.61	30.6047
1352.51	30.0058
1354.41	23.2044
1356.31	18.2669
1358.21	16.5341
1360.11	15.3099
1362	14.8685
1363.9	15.2318
1365.79	16.5256
1367.69	9.03076
1369.58	8.19165
1371.47	2.117
1373.37	4.89764
1375.26	2.80432
1377.15	7.23022
1379.04	3.71747
1380.93	8.17242
1382.82	5.07025
1384.7	9.53375
1386.59	7.11987
1388.48	6.74194
1390.36	1.88971
1392.25	0.761719
1394.13	-3.01953
1396.02	0.0482788
1397.9	4.44562
1399.78	2.01459
1401.66	-0.848938
1403.54	-3.45349
1405.42	-2.99597
1407.3	-2.77423
1409.18	3.40851
1411.06	10.2444
1412.93	14.0449
1414.81	15.2141
1416.69	15.762
1418.56	14.3231
1420.44	15.5494
1422.31	19.1669
1424.18	15.3916
1426.05	14.3246
1427.93	17.0776
1429.8	15.0408
1431.67	10.0101
1433.54	13.341
1435.4	18.4717
1437.27	21.5025
1439.14	20.3959
1441.01	24.6161
1442.87	30.3014
1444.74	31.266
1446.6	33.0897
1448.46	38.8843
1450.33	41.7776
1452.19	43.0604
1454.05	44.5391
1455.91	46.6569
1457.77	49.1894
1459.63	48.7272
1461.49	49.657
1463.35	46.8718
1465.2	41.863
1467.06	40.9003
1468.91	41.0115
1470.77	39.7736
1472.62	37.3014
1474.48	36.1494
1476.33	28.7003
1478.18	20.2262
1480.03	13.4507
1481.88	9.58661
1483.73	4.24841
1485.58	3.03247
1487.43	6.98834
1489.28	4.21954
1491.13	4.67896
1492.97	4.61621
1494.82	6.68372
1496.67	3.45099
1498.51	1.58624
1500.35	0.99408
1502.2	0.652588
1504.04	0.958313
1505.88	2.29187
1507.72	7.13867
1509.56	6.28308
1511.4	4.65253
1513.24	0.70575
1515.08	-3.61322
1516.92	-7.68829
1518.75	-5.95618
1520.59	-0.749084
1522.42	0.324707
1524.26	0.861511
1526.09	1.80127
1527.93	2.12683
1529.76	1.13135
1531.59	1.98303
1533.42	7.1145
1535.25	6.55597
1537.08	6.56799
1538.91	5.55182
1540.74	5.40741
1542.57	1.90668
1544.39	-0.66333
1546.22	1.14453
1548.05	5.29077
1549.87	3.95239
1551.69	6.76215
1553.52	13.3997
1555.34	12.7939
1557.16	10.6111
1558.98	9.62256
1560.81	8.21387
1562.63	5.39026
1564.44	4.30505
1566.26	4.31549
1568.08	4.77258
1569.9	1.65533
1571.72	3.99408
1573.53	4.37476
1575.35	0.73584
1577.16	2.79224
1578.98	4.03094
1580.79	4.1665
1582.6	5.03711
1584.41	6.46686
1586.22	6.04498
1588.03	5.40411
1589.84	3.99939
1591.65	0.426453
1593.46	-1.6875
1595.27	-2.06329
1597.08	-2.55438
1598.88	-1.36285
