2745.96	1003
2744.58	1002
2743.19	1008
2741.81	1008
2740.42	1028
2739.03	980
2737.64	1053
2736.25	1024
2734.86	1048
2733.47	1046
2732.08	1046
2730.69	1109
2729.3	1074
2727.91	1100
2726.51	1105
2725.12	1089
2723.73	1113
2722.33	1087
2720.94	1090
2719.54	1099
2718.15	1065
2716.75	1099
2715.35	1096
2713.96	1097
2712.56	1092
2711.16	1115
2709.76	1122
2708.36	1112
2706.96	1141
2705.56	1136
2704.16	1120
2702.76	1155
2701.36	1126
2699.96	1137
2698.56	1180
2697.15	1162
2695.75	1188
2694.34	1171
2692.94	1165
2691.53	1178
2690.13	1207
2688.72	1202
2687.31	1178
2685.91	1229
2684.5	1195
2683.09	1224
2681.68	1239
2680.27	1203
2678.86	1235
2677.45	1192
2676.04	1230
2674.63	1262
2673.22	1236
2671.81	1210
2670.39	1242
2668.98	1209
2667.57	1215
2666.15	1272
2664.74	1253
2663.32	1251
2661.91	1275
2660.49	1238
2659.07	1300
2657.65	1259
2656.24	1280
2654.82	1294
2653.4	1301
2651.98	1298
2650.56	1338
2649.14	1324
2647.72	1327
2646.3	1355
2644.87	1369
2643.45	1333
2642.03	1352
2640.61	1356
2639.18	1344
2637.76	1357
2636.33	1369
2634.91	1402
2633.48	1396
2632.05	1404
2630.62	1387
2629.2	1431
2627.77	1431
2626.34	1448
2624.91	1442
2623.48	1446
2622.05	1426
2620.62	1430
2619.19	1424
2617.76	1473
2616.32	1421
2614.89	1473
2613.46	1445
2612.02	1398
2610.59	1455
2609.15	1437
2607.72	1421
2606.28	1441
2604.85	1429
2603.41	1494
2601.97	1465
2600.53	1485
2599.09	1441
2597.65	1467
2596.22	1463
2594.78	1507
2593.33	1489
2591.89	1493
2590.45	1502
2589.01	1520
2587.57	1526
2586.12	1559
2584.68	1555
2583.23	1597
2581.79	1568
2580.34	1563
2578.9	1542
2577.45	1604
2576	1611
2574.56	1586
2573.11	1572
2571.66	1619
2570.21	1620
2568.76	1604
2567.31	1603
2565.86	1622
2564.41	1666
2562.96	1622
2561.51	1634
2560.05	1650
2558.6	1685
2557.15	1661
2555.69	1691
2554.24	1649
2552.78	1683
2551.32	1679
2549.87	1715
2548.41	1688
2546.95	1755
2545.5	1740
2544.04	1756
2542.58	1760
2541.12	1720
2539.66	1744
2538.2	1774
2536.74	1768
2535.27	1808
2533.81	1802
2532.35	1834
2530.89	1785
2529.42	1800
2527.96	1784
2526.49	1827
2525.03	1811
2523.56	1825
2522.09	1836
2520.63	1818
2519.16	1812
2517.69	1838
2516.22	1855
2514.75	1876
2513.28	1815
2511.81	1832
2510.34	1875
2508.87	1864
2507.4	1852
2505.93	1886
2504.45	1876
2502.98	1896
2501.51	1908
2500.03	1886
2498.56	1893
2497.08	1958
2495.6	1902
2494.13	1922
2492.65	1927
2491.17	1933
2489.69	1911
2488.22	1961
2486.74	1989
2485.26	1934
2483.78	1953
2482.29	1960
2480.81	1957
2479.33	1983
2477.85	1939
2476.36	1995
2474.88	1996
2473.4	2017
2471.91	2036
2470.43	2016
2468.94	2062
2467.45	2022
2465.97	2041
2464.48	2058
2462.99	2084
2461.5	2083
2460.01	2069
2458.52	2095
2457.03	2053
2455.54	2090
2454.05	2140
2452.56	2133
2451.07	2128
2449.57	2089
2448.08	2143
2446.59	2158
2445.09	2143
2443.6	2182
2442.1	2195
2440.6	2162
2439.11	2171
2437.61	2184
2436.11	2199
2434.61	2210
2433.12	2205
2431.62	2228
2430.12	2234
2428.62	2222
2427.11	2215
2425.61	2251
2424.11	2198
2422.61	2223
2421.1	2267
2419.6	2252
2418.1	2230
2416.59	2273
2415.09	2286
2413.58	2294
2412.07	2278
2410.57	2337
2409.06	2273
2407.55	2305
2406.04	2341
2404.53	2307
2403.02	2321
2401.51	2333
2400	2321
2398.49	2303
2396.98	2300
2395.46	2395
2393.95	2363
2392.44	2385
2390.92	2364
2389.41	2388
2387.89	2392
2386.38	2414
2384.86	2393
2383.34	2410
2381.82	2414
2380.31	2436
2378.79	2419
2377.27	2439
2375.75	2431
2374.23	2471
2372.71	2492
2371.19	2478
2369.66	2516
2368.14	2556
2366.62	2506
2365.09	2510
2363.57	2533
2362.04	2578
2360.52	2548
2358.99	2561
2357.47	2587
2355.94	2555
2354.41	2561
2352.88	2546
2351.35	2557
2349.83	2618
2348.3	2568
2346.77	2625
2345.23	2637
2343.7	2573
2342.17	2583
2340.64	2648
2339.1	2575
2337.57	2621
2336.04	2651
2334.5	2628
2332.97	2672
2331.43	2646
2329.89	2725
2328.36	2736
2326.82	2730
2325.28	2736
2323.74	2701
2322.2	2731
2320.66	2676
2319.12	2709
2317.58	2714
2316.04	2767
2314.5	2774
2312.95	2796
2311.41	2763
2309.87	2757
2308.32	2850
2306.78	2797
2305.23	2790
2303.68	2838
2302.14	2847
2300.59	2835
2299.04	2865
2297.49	2877
2295.94	2837
2294.39	2844
2292.84	2888
2291.29	2877
2289.74	2869
2288.19	2885
2286.64	2948
2285.09	2896
2283.53	2921
2281.98	2935
2280.42	2923
2278.87	2930
2277.31	2956
2275.76	2999
2274.2	2990
2272.64	2974
2271.08	2955
2269.52	2952
2267.96	3038
2266.4	2989
2264.84	3047
2263.28	3010
2261.72	3002
2260.16	2997
2258.6	2977
2257.03	2996
2255.47	3053
2253.9	3045
2252.34	3033
2250.77	3089
2249.21	3128
2247.64	3059
2246.07	3099
2244.51	3175
2242.94	3139
2241.37	3112
2239.8	3096
2238.23	3162
2236.66	3156
2235.09	3158
2233.51	3156
2231.94	3182
2230.37	3171
2228.79	3204
2227.22	3227
2225.65	3198
2224.07	3175
2222.49	3282
2220.92	3216
2219.34	3272
2217.76	3237
2216.18	3284
2214.61	3317
2213.03	3258
2211.45	3326
2209.86	3303
2208.28	3324
2206.7	3311
2205.12	3395
2203.54	3325
2201.95	3336
2200.37	3302
2198.78	3370
2197.2	3342
2195.61	3353
2194.03	3352
2192.44	3381
2190.85	3381
2189.26	3427
2187.67	3409
2186.09	3446
2184.5	3455
2182.9	3407
2181.31	3472
2179.72	3409
2178.13	3539
2176.54	3474
2174.94	3510
2173.35	3474
2171.75	3553
2170.16	3532
2168.56	3553
2166.97	3567
2165.37	3569
2163.77	3563
2162.17	3578
2160.58	3567
2158.98	3602
2157.38	3607
2155.78	3604
2154.17	3595
2152.57	3672
2150.97	3639
2149.37	3624
2147.76	3686
2146.16	3710
2144.56	3682
2142.95	3720
2141.34	3706
2139.74	3707
2138.13	3677
2136.52	3739
2134.91	3726
2133.31	3787
2131.7	3738
2130.09	3801
2128.48	3822
2126.86	3761
2125.25	3870
2123.64	3797
2122.03	3757
2120.41	3823
2118.8	3785
2117.18	3811
2115.57	3835
2113.95	3839
2112.34	3846
2110.72	3841
2109.1	3874
2107.48	3906
2105.86	3852
2104.25	3849
2102.63	3989
2101	3909
2099.38	3949
2097.76	3962
2096.14	3917
2094.52	3867
2092.89	3913
2091.27	3967
2089.64	3999
2088.02	3895
2086.39	4040
2084.76	3981
2083.14	4040
2081.51	4034
2079.88	4056
2078.25	4078
2076.62	4049
2074.99	4026
2073.36	4049
2071.73	4104
2070.1	4177
2068.46	4163
2066.83	4119
2065.2	4205
2063.56	4156
2061.93	4171
2060.29	4256
2058.65	4242
2057.02	4251
2055.38	4254
2053.74	4236
2052.1	4270
2050.46	4223
2048.82	4266
2047.18	4195
2045.54	4206
2043.9	4309
2042.26	4274
2040.61	4271
2038.97	4330
2037.33	4295
2035.68	4353
2034.04	4307
2032.39	4322
2030.74	4335
2029.1	4380
2027.45	4339
2025.8	4264
2024.15	4341
2022.5	4366
2020.85	4372
2019.2	4430
2017.55	4422
2015.89	4381
2014.24	4441
2012.59	4450
2010.93	4477
2009.28	4413
2007.62	4515
2005.97	4433
2004.31	4457
2002.65	4527
2001	4465
1999.34	4578
1997.68	4561
1996.02	4513
1994.36	4614
1992.7	4579
1991.04	4633
1989.38	4587
1987.71	4669
1986.05	4601
1984.39	4640
1982.72	4667
1981.06	4656
1979.39	4681
1977.72	4699
1976.06	4748
1974.39	4684
1972.72	4836
1971.05	4737
1969.38	4772
1967.71	4836
1966.04	4824
1964.37	4860
1962.7	4871
1961.03	4934
1959.35	4980
1957.68	4916
1956	4858
1954.33	4956
1952.65	4829
1950.98	4910
1949.3	4980
1947.62	4995
1945.94	4958
1944.27	4957
1942.59	4985
1940.91	4976
1939.23	5064
1937.54	5097
1935.86	5051
1934.18	5061
1932.5	5196
1930.81	5112
1929.13	5097
1927.44	5056
1925.76	5119
1924.07	5098
1922.39	5180
1920.7	5115
1919.01	5156
1917.32	5116
1915.63	5133
1913.94	5136
1912.25	5192
1910.56	5174
1908.87	5168
1907.17	5217
1905.48	5166
1903.79	5178
1902.09	5225
1900.4	5256
1898.7	5243
1897.01	5317
1895.31	5317
1893.61	5387
1891.91	5400
1890.21	5396
1888.51	5391
1886.81	5391
1885.11	5420
1883.41	5392
1881.71	5378
1880.01	5528
1878.3	5426
1876.6	5480
1874.9	5488
1873.19	5543
1871.48	5564
1869.78	5601
1868.07	5600
1866.36	5554
1864.65	5640
1862.95	5606
1861.24	5593
1859.53	5668
1857.81	5733
1856.1	5616
1854.39	5709
1852.68	5777
1850.96	5744
1849.25	5851
1847.54	5792
1845.82	5795
1844.1	5797
1842.39	5836
1840.67	5874
1838.95	5834
1837.23	5872
1835.51	5889
1833.79	5892
1832.07	5901
1830.35	5963
1828.63	5978
1826.91	5925
1825.18	5930
1823.46	5987
1821.74	6124
1820.01	5983
1818.29	6033
1816.56	6125
1814.83	6084
1813.1	6076
1811.38	6118
1809.65	6085
1807.92	6091
1806.19	6162
1804.46	6148
1802.73	6201
1800.99	6163
1799.26	6212
1797.53	6199
1795.79	6166
1794.06	6241
1792.32	6254
1790.59	6342
1788.85	6360
1787.11	6309
1785.37	6337
1783.64	6353
1781.9	6365
1780.16	6478
1778.42	6381
1776.67	6383
1774.93	6425
1773.19	6431
1771.45	6429
1769.7	6611
1767.96	6540
1766.21	6533
1764.47	6602
1762.72	6541
1760.97	6596
1759.23	6698
1757.48	6685
1755.73	6681
1753.98	6681
1752.23	6684
1750.48	6737
1748.73	6803
1746.97	6863
1745.22	6881
1743.47	6828
1741.71	6899
1739.96	6892
1738.2	6938
1736.44	7019
1734.69	7050
1732.93	7062
1731.17	7022
1729.41	7111
1727.65	7148
1725.89	7229
1724.13	7249
1722.37	7161
1720.61	7240
1718.85	7256
1717.08	7321
1715.32	7315
1713.55	7401
1711.79	7456
1710.02	7490
1708.25	7435
1706.49	7604
1704.72	7519
1702.95	7656
1701.18	7713
1699.41	7770
1697.64	7884
1695.87	7850
1694.09	7944
1692.32	8013
1690.55	8089
1688.77	8110
1687	8211
1685.22	8170
1683.45	8337
1681.67	8333
1679.89	8405
1678.11	8388
1676.34	8519
1674.56	8525
1672.78	8569
1671	8745
1669.21	8722
1667.43	8832
1665.65	8801
1663.86	8939
1662.08	8929
1660.3	9029
1658.51	8920
1656.72	9103
1654.94	9102
1653.15	9117
1651.36	9155
1649.57	9074
1647.78	9122
1645.99	9091
1644.2	9047
1642.41	9002
1640.62	8971
1638.82	8969
1637.03	9050
1635.24	8984
1633.44	8885
1631.65	8974
1629.85	8843
1628.05	8965
1626.25	8884
1624.46	8793
1622.66	8813
1620.86	8832
1619.06	8743
1617.26	8818
1615.45	8675
1613.65	8773
1611.85	8756
1610.04	8700
1608.24	8743
1606.43	8724
1604.63	8717
1602.82	8812
1601.02	8772
1599.21	8770
1597.4	8696
1595.59	8695
1593.78	8792
1591.97	8728
1590.16	8727
1588.35	8704
1586.53	8750
1584.72	8818
1582.91	8688
1581.09	8672
1579.28	8570
1577.46	8655
1575.64	8719
1573.82	8774
1572.01	8762
1570.19	8695
1568.37	8750
1566.55	8800
1564.73	8749
1562.91	8795
1561.08	8712
1559.26	8855
1557.44	8776
1555.61	8771
1553.79	8854
1551.96	8864
1550.14	8752
1548.31	8728
1546.48	8738
1544.65	8693
1542.82	8752
1540.99	8866
1539.16	8836
1537.33	8807
1535.5	8751
1533.67	8772
1531.83	8793
1530	8812
1528.16	8824
1526.33	8762
1524.49	8802
1522.66	8709
1520.82	8768
1518.98	8750
1517.14	8675
1515.3	8839
1513.46	8729
1511.62	8788
1509.78	8767
1507.94	8778
1506.09	8794
1504.25	8785
1502.41	8804
1500.56	8776
1498.71	8805
1496.87	8823
1495.02	8921
1493.17	8856
1491.32	8818
1489.47	8963
1487.63	8952
1485.77	9035
1483.92	9114
1482.07	9109
1480.22	9154
1478.36	9268
1476.51	9286
1474.66	9387
1472.8	9459
1470.94	9499
1469.09	9620
1467.23	9671
1465.37	9722
1463.51	9774
1461.65	9862
1459.79	9858
1457.93	9924
1456.07	9979
1454.2	10021
1452.34	9985
1450.48	9981
1448.61	10006
1446.75	9988
1444.88	10021
1443.01	9893
1441.14	9993
1439.28	9869
1437.41	9918
1435.54	9855
1433.67	9717
1431.8	9811
1429.92	9697
1428.05	9727
1426.18	9744
1424.3	9633
1422.43	9682
1420.55	9633
1418.68	9676
1416.8	9658
1414.92	9633
1413.04	9623
1411.17	9453
1409.29	9534
1407.41	9555
1405.52	9581
1403.64	9432
1401.76	9535
1399.88	9533
1397.99	9468
1396.11	9363
1394.22	9382
1392.34	9372
1390.45	9265
1388.56	9414
1386.67	9310
1384.78	9327
1382.89	9324
1381	9253
1379.11	9329
1377.22	9397
1375.33	9364
1373.43	9248
1371.54	9327
1369.65	9215
1367.75	9411
1365.85	9360
1363.96	9524
1362.06	9582
1360.16	9512
1358.26	9620
1356.36	9640
1354.46	9744
1352.56	9747
1350.66	9852
1348.75	9806
1346.85	9912
1344.95	9874
1343.04	9910
1341.14	9942
1339.23	9983
1337.32	9950
1335.42	9937
1333.51	9993
1331.6	10125
1329.69	10094
1327.78	10155
1325.86	10103
1323.95	10159
1322.04	10191
1320.13	10141
1318.21	10252
1316.3	10128
1314.38	10170
1312.46	10296
1310.55	10319
1308.63	10368
1306.71	10250
1304.79	10363
1302.87	10278
1300.95	10396
1299.03	10406
1297.1	10377
1295.18	10376
1293.26	10351
1291.33	10478
1289.41	10395
1287.48	10495
1285.55	10546
1283.63	10518
1281.7	10549
1279.77	10476
1277.84	10482
1275.91	10467
1273.98	10639
1272.05	10655
1270.11	10600
1268.18	10599
1266.24	10506
1264.31	10534
1262.37	10500
1260.44	10542
1258.5	10642
1256.56	10517
1254.62	10483
1252.68	10496
1250.74	10461
1248.8	10539
1246.86	10531
1244.92	10492
1242.98	10352
1241.03	10433
1239.09	10274
1237.14	10326
1235.2	10392
1233.25	10258
1231.3	10191
1229.35	10161
1227.4	9991
1225.45	10008
1223.5	9977
1221.55	10034
1219.6	9919
1217.65	9824
1215.69	9772
1213.74	9785
1211.78	9713
1209.83	9634
1207.87	9660
1205.91	9616
1203.96	9551
1202	9469
1200.04	9427
1198.08	9402
1196.12	9458
1194.15	9322
1192.19	9297
1190.23	9284
1188.26	9253
1186.3	9357
1184.33	9253
1182.37	9239
1180.4	9248
1178.43	9329
1176.46	9315
1174.49	9269
1172.52	9254
1170.55	9170
1168.58	9133
1166.61	9246
1164.64	9125
1162.66	9129
1160.69	9137
1158.71	9129
1156.73	9139
1154.76	9141
1152.78	9111
1150.8	9113
1148.82	9259
1146.84	9282
1144.86	9187
1142.88	9208
1140.9	9237
1138.91	9294
1136.93	9269
1134.95	9344
1132.96	9308
1130.97	9353
1128.99	9347
1127	9317
1125.01	9348
1123.02	9348
1121.03	9371
1119.04	9388
1117.05	9415
1115.06	9480
1113.07	9394
1111.07	9480
1109.08	9418
1107.08	9506
1105.09	9450
1103.09	9561
1101.09	9630
1099.09	9631
1097.09	9587
1095.09	9665
1093.09	9685
1091.09	9693
1089.09	9670
1087.09	9676
1085.08	9691
1083.08	9657
1081.07	9725
1079.07	9811
1077.06	9774
1075.05	9760
1073.04	9743
1071.03	9735
1069.02	9810
1067.01	9767
1065	9794
1062.99	9896
1060.98	9714
1058.96	9915
1056.95	9852
1054.93	9805
1052.92	9870
1050.9	9815
1048.88	9818
1046.86	9830
1044.84	9879
1042.82	9853
1040.8	9838
1038.78	9847
1036.76	9817
1034.74	9940
1032.71	9863
1030.69	9793
1028.66	9880
1026.64	9757
1024.61	9878
1022.58	9876
1020.55	9845
1018.52	9942
1016.49	9881
1014.46	9925
1012.43	10088
1010.4	9947
1008.36	10053
1006.33	9915
1004.29	9979
1002.26	9968
1000.22	10100
998.184	10083
996.146	10132
994.108	10160
992.068	10156
990.028	10110
987.986	10104
985.944	10184
983.901	10176
981.858	10266
979.813	10295
977.768	10268
975.722	10320
973.675	10400
971.627	10573
969.579	10536
967.53	10554
965.48	10562
963.429	10556
961.377	10575
959.325	10752
957.273	10749
955.218	10727
953.163	10780
951.108	10832
949.051	10824
946.994	10727
944.936	10870
942.878	10896
940.818	10848
938.758	10902
936.697	10954
934.634	10895
932.572	10844
930.509	10942
928.444	10919
926.379	10865
924.313	10800
922.246	10858
920.179	10879
918.111	10824
916.041	10849
913.972	10902
911.901	10813
909.829	10844
907.757	10856
905.684	10853
903.61	10919
901.535	10755
899.46	10806
897.383	10796
895.306	10759
893.228	10776
891.149	10774
889.069	10787
886.989	10746
884.908	10788
882.826	10956
880.743	10901
878.659	10854
876.575	10845
874.49	10926
872.403	10960
870.317	11079
868.229	11029
866.141	11085
864.051	11101
861.961	11202
859.87	11176
857.779	11139
855.685	11047
853.592	11199
851.498	11295
849.403	11196
847.307	11182
845.211	11122
843.113	11152
841.015	11230
838.916	11258
836.816	11307
834.715	11143
832.613	11190
830.511	11313
828.408	11159
826.304	11134
824.199	11106
822.093	11051
819.987	11173
817.879	11042
815.771	11023
813.663	10869
811.553	10826
809.442	10933
807.331	10847
805.218	10876
803.105	10895
800.992	10825
798.877	10869
796.761	10812
794.645	10864
792.527	10796
790.41	10755
788.291	10769
786.171	10656
784.051	10674
781.929	10824
779.807	10880
777.684	10839
775.56	10844
773.436	10883
771.31	10968
769.184	10944
767.057	11020
764.929	11032
762.8	11098
760.67	11066
758.54	11178
756.409	11122
754.277	11182
752.143	11185
750.01	11275
747.875	11321
745.74	11233
743.603	11275
741.466	11321
739.328	11352
737.189	11421
735.049	11493
732.909	11432
730.768	11485
728.626	11432
726.483	11327
724.339	11379
722.194	11408
720.049	11399
717.903	11440
715.755	11486
713.607	11378
711.458	11402
709.308	11436
707.158	11288
705.007	11391
702.855	11325
700.701	11275
698.548	11208
696.393	11212
694.237	11260
692.081	11221
689.923	11130
687.765	11264
685.606	11164
683.446	11164
681.286	11081
679.124	11151
676.962	11070
674.798	11104
672.635	11088
670.469	11147
668.304	11238
666.137	11125
663.969	11138
661.801	11198
659.632	11162
657.462	11317
655.291	11261
653.119	11307
650.947	11375
648.773	11473
646.599	11407
644.424	11385
642.248	11482
640.071	11460
637.893	11537
635.714	11610
633.535	11673
631.354	11627
629.173	11610
626.992	11661
624.809	11627
622.625	11709
620.44	11722
618.255	11837
616.069	11721
613.882	11712
611.694	11723
609.505	11543
607.315	11643
605.124	11581
602.933	11606
600.741	11560
598.548	11660
596.354	11662
594.158	11579
591.963	11635
589.766	11620
587.569	11600
585.37	11673
583.171	11626
580.971	11500
578.769	11592
576.569	11772
574.365	11651
572.161	11727
569.957	11650
567.752	11668
565.545	11714
563.339	11702
561.13	11762
558.922	11671
556.712	11718
554.502	11693
552.291	11827
550.078	11693
547.865	11772
545.651	11847
543.436	11867
541.22	11858
539.004	11923
536.787	12074
534.568	11954
532.349	12100
530.128	12017
527.907	12094
525.686	12191
523.463	12139
521.239	12142
519.015	12147
516.789	12117
514.563	12260
512.335	12230
510.107	12245
507.879	12100
505.648	12243
503.418	12144
501.186	12187
498.954	12061
496.721	12064
494.486	12078
492.251	12070
490.015	11996
487.778	11949
485.541	11940
483.302	11975
481.063	11975
478.822	11864
476.581	11983
474.338	12002
472.096	11892
469.851	12004
467.607	11962
465.361	12010
463.114	12025
460.867	12080
458.618	12100
456.369	12105
454.119	12093
451.868	12187
449.616	12230
447.363	12160
445.11	12249
442.854	12315
440.599	12172
438.343	12283
436.085	12274
433.827	12371
431.568	12534
429.308	12472
427.047	12496
424.786	12501
422.522	12696
420.259	12615
417.994	12544
415.729	12654
413.463	12669
411.196	12670
408.927	12642
406.658	12768
404.389	12693
402.118	12659
399.846	12667
397.573	12717
395.3	12650
393.025	12721
390.75	12744
388.474	12702
386.196	12669
383.919	12667
381.64	12757
379.36	12782
377.08	12727
374.798	12715
372.515	12844
370.231	12863
367.947	12877
365.662	12850
363.376	12970
361.089	12958
358.801	12956
356.511	13101
354.222	13023
351.931	13021
349.639	13103
347.347	13088
345.053	13105
342.759	13298
340.463	13137
338.167	13288
335.871	13164
333.572	13275
331.273	13375
328.974	13383
326.673	13516
324.371	13486
322.068	13490
319.765	13556
317.46	13598
315.154	13770
312.849	13789
310.541	13795
308.233	13758
305.924	13947
303.614	13961
301.303	13985
298.992	13978
296.679	14047
294.365	14136
292.051	14165
289.734	14281
287.418	14333
285.101	14426
282.783	14510
280.463	14779
278.144	14735
275.822	14871
273.5	14841
271.178	15085
268.853	15080
266.529	15272
264.203	15384
261.876	15517
259.548	15629
257.22	15584
254.891	15574
252.561	15782
250.229	15959
247.897	16057
245.564	16150
243.23	16337
240.895	16559
238.559	16618
236.222	16749
233.884	16899
231.545	17111
229.206	17142
226.865	17473
224.524	17693
222.181	17626
219.838	17946
217.493	18239
215.148	18349
212.802	18565
210.455	18773
208.106	19029
205.758	19112
203.407	19531
201.056	19711
198.705	20183
196.351	20155
193.997	20448
191.643	20798
189.288	21050
186.931	21256
184.574	21368
182.214	21684
179.855	22049
177.495	22311
175.134	22486
172.771	22538
170.408	23020
168.044	23403
165.679	23746
163.312	23767
160.946	24003
158.578	24414
156.208	24872
153.838	25201
151.468	25214
149.097	25414
146.724	25763
144.349	26400
141.975	26723
139.599	26989
137.223	27353
134.846	27768
132.467	28318
130.088	28726
127.707	29165
125.326	29775
122.944	30486
120.56	31207
118.177	31879
115.791	32829
113.405	33480
111.018	34203
108.63	35232
106.241	36204
103.851	37251
101.46	38366
99.0686	39948
96.675	41438
94.2815	42982
91.8872	44902
89.4909	46681
87.0947	48710
84.6966	50873
82.2976	53183
79.8987	55903
77.4979	58887
75.0962	62345
72.6935	64524
70.29	64524
67.8855	64524
65.4801	64524
63.0739	64524
60.6667	64524
58.2586	64524
55.8495	64524
53.4386	64524
51.0278	64524
48.616	64524
46.2023	64524
43.7887	64524
41.3732	64524
38.9568	64524
36.5404	64524
34.1222	64524
31.703	64524
29.2829	64524
26.8618	64524
24.4399	64524
22.017	64524
19.5932	64524
17.1685	64524
14.7429	64524
12.3153	64524
9.88782	64524
7.4594	64524
5.02907	64524
2.5988	64524
0.166609	64524
-2.26552	64524
-4.69956	64524
-7.13454	64524
-9.57045	64524
-12.0063	64524
-14.4441	64524
-16.8828	64524
-19.3224	64524
-21.763	64524
-24.2045	64524
-26.6479	64524
-29.0913	64524
-31.5356	64524
-33.9808	64524
-36.428	64524
-38.8751	64524
-41.3241	64524
-43.7731	64524
-46.224	64524
-48.6749	64524
-51.1277	64524
-53.5814	64524
-56.0361	64524
-58.4907	64524
-60.9473	64524
-63.4048	64524
-65.8633	64524
-68.3227	62206
-70.783	54947
-73.2453	48778
-75.7075	43475
-78.1707	38967
-80.6348	34937
-83.1009	31324
-85.5669	28265
-88.0349	25398
-90.5028	23316
-92.9727	20989
-95.4425	18900
-97.9143	16921
-100.387	15307
-102.861	13958
-105.334	12673
-107.81	11756
-110.286	10937
-112.764	10016
-115.242	9373
-117.722	8621
-120.203	7784
-122.684	6929
-125.167	6366
-127.65	5719
-130.135	5197
-132.62	4716
-135.106	4383
-137.594	4131
-140.082	3814
-142.572	3535
-145.063	3244
-147.554	2972
-150.047	2582
-152.541	2413
-155.036	2162
-157.532	2062
-160.028	1984
-162.526	1835
-165.025	1707
-167.525	1605
-170.025	1521
-172.527	1444
-175.029	1364
-177.534	1320
-180.038	1227
-182.544	1195
-185.051	1092
-187.559	1074
-190.068	1056
-192.577	1070
-195.089	1010
-197.6	984
-200.113	991
-202.628	950
-205.143	969
-207.659	925
-210.176	914
-212.694	852
-215.213	853
-217.734	841
-220.255	865
-222.777	845
-225.3	822
-227.824	767
-230.349	789
-232.876	793
-235.403	759
-237.932	751
-240.461	740
-242.992	701
-245.523	719
-248.056	682
-250.589	696
-253.124	672
-255.66	701
-258.197	652
-260.734	673
-263.273	622
-265.813	672
-268.354	621
-270.896	612
-273.439	635
-275.982	625
-278.527	560
-281.074	587
-283.621	562
-286.169	568
-288.718	535
-291.269	532
-293.82	534
-296.372	521
-298.925	530
-301.48	508
-304.035	490
-306.592	477
-309.15	479
-311.708	479
-314.268	488
-316.828	453
-319.39	479
-321.953	464
-324.517	428
-327.082	422
-329.648	443
-332.215	436
-334.783	440
-337.352	420
-339.922	407
-342.493	420
-345.066	424
-347.639	406
-350.213	418
-352.789	406
-355.365	378
-357.943	378
-360.521	391
-363.101	387
-365.681	367
-368.263	357
-370.847	361
-373.431	346
-376.015	356
-378.601	356
-381.188	357
-383.777	365
-386.366	335
-388.956	332
-391.548	334
-394.14	335
-396.733	335
-399.328	308
-401.923	316
-404.521	341
-407.118	314
-409.717	314
-412.317	328
-414.918	300
-417.52	329
-420.123	277
-422.727	289
-425.332	314
-427.939	318
-430.546	313
-433.155	305
-435.764	281
-438.374	283
-440.986	301
-443.599	275
-446.213	289
-448.828	279
-451.444	272
-454.061	271
-456.68	278
-459.299	263
-461.919	278
-464.54	266
-467.163	278
-469.786	261
-472.411	254
-475.037	259
-477.663	273
-480.292	273
-482.92	263
-485.551	251
-488.182	260
-490.814	247
-493.447	267
-496.082	246
-498.717	248
-501.354	242
-503.992	254
-506.63	258
-509.27	255
-511.911	250
-514.553	249
-517.197	259
-519.841	233
-522.486	244
-525.133	225
-527.78	251
-530.429	244
-533.078	237
-535.729	228
-538.381	239
-541.034	232
-543.688	258
-546.343	217
-548.999	248
-551.657	220
-554.316	230
-556.975	227
-559.636	245
-562.297	244
-564.961	234
-567.625	237
-570.29	232
-572.956	231
-575.623	232
-578.292	231
-580.961	261
-583.632	242
-586.303	234
-588.976	228
-591.65	244
-594.326	239
-597.002	251
-599.679	233
-602.358	238
-605.037	238
-607.718	268
-610.399	242
-613.082	251
-615.767	255
-618.452	237
-621.138	238
-623.825	245
-626.514	244
-629.203	224
-631.893	237
-634.586	249
-637.278	251
-639.973	262
-642.667	270
-645.364	241
-648.061	241
-650.76	254
-653.46	261
-656.16	255
-658.862	245
-661.566	253
-664.269	249
-666.974	241
-669.681	264
-672.389	261
-675.097	235
-677.807	235
-680.518	257
-683.23	226
-685.943	249
-688.658	242
-691.373	220
-694.089	241
-696.807	231
-699.526	251
-702.245	251
-704.966	222
-707.689	231
-710.412	236
-713.136	248
-715.863	250
-718.589	247
-721.317	244
-724.046	258
-726.776	248
-729.508	229
-732.24	240
-734.974	250
-737.709	255
-740.444	256
-743.182	249
-745.919	250
-748.659	259
-751.399	242
-754.141	248
-756.883	245
-759.627	267
-762.372	246
-765.119	269
-767.866	248
-770.615	263
-773.365	258
-776.115	261
-778.867	263
-781.62	256
-784.375	268
-787.13	255
-789.886	257
-792.644	266
-795.402	266
-798.162	258
-800.924	256
-803.686	263
-806.449	257
-809.215	259
-811.98	259
-814.747	250
-817.516	250
-820.284	261
-823.054	270
-825.827	244
-828.599	259
-831.373	241
-834.149	235
-836.924	249
-839.702	256
-842.48	246
-845.26	265
-848.042	244
-850.823	253
-853.606	246
-856.391	241
-859.177	255
-861.963	238
-864.751	245
-867.54	231
-870.331	243
-873.122	232
-875.915	267
-878.709	237
-881.504	238
-884.3	240
-887.097	238
-889.895	246
-892.695	251
-895.496	247
-898.298	254
-901.101	233
-903.905	245
-906.711	256
-909.518	232
-912.325	227
-915.134	251
-917.945	233
-920.756	242
-923.569	256
-926.383	244
-929.198	248
-932.013	237
-934.831	249
-937.649	256
-940.47	254
-943.29	258
-946.113	263
-948.936	239
-951.761	260
-954.586	251
-957.413	245
-960.242	276
-963.07	258
-965.901	270
-968.733	282
-971.565	269
-974.399	262
-977.235	267
-980.072	257
-982.908	277
-985.747	275
-988.588	269
-991.429	262
-994.271	277
-997.115	297
-999.96	268
-1002.81	283
-1005.65	287
-1008.5	267
-1011.35	297
-1014.2	290
-1017.05	284
-1019.91	294
-1022.76	284
-1025.62	265
-1028.47	295
-1031.33	278
-1034.19	275
-1037.05	288
-1039.91	281
-1042.78	276
-1045.64	291
-1048.51	288
-1051.37	284
-1054.24	295
-1057.11	302
-1059.98	288
-1062.85	282
-1065.72	290
-1068.6	306
-1071.47	295
-1074.35	314
-1077.23	301
-1080.11	307
-1082.99	299
-1085.87	314
-1088.75	305
-1091.63	333
-1094.52	318
-1097.4	314
-1100.29	311
-1103.18	343
-1106.07	327
-1108.96	339
-1111.85	321
-1114.75	328
-1117.64	328
-1120.54	326
-1123.43	316
-1126.33	337
-1129.23	360
-1132.13	354
-1135.03	369
-1137.94	356
-1140.84	367
-1143.75	380
-1146.65	381
-1149.56	367
-1152.47	414
-1155.38	402
-1158.3	432
-1161.21	427
-1164.12	450
-1167.04	449
-1169.96	481
-1172.87	536
-1175.79	550
-1178.71	647
-1181.64	711
-1184.56	843
-1187.48	988
-1190.41	1129
-1193.33	1242
-1196.26	1322
-1199.19	1460
-1202.12	1616
-1205.06	1829
-1207.99	2037
-1210.92	2197
-1213.86	2488
-1216.8	2746
-1219.73	2835
-1222.67	3023
-1225.61	3277
-1228.55	3620
-1231.5	4105
-1234.44	4618
-1237.39	5310
-1240.33	5955
-1243.28	6922
-1246.23	9547
-1249.18	11937
-1252.14	14171
-1255.09	15998
-1258.04	16537
-1261	16686
-1263.96	16105
-1266.91	15350
-1269.87	14067
-1272.83	12821
-1275.8	10445
-1278.76	7885
-1281.72	5499
-1284.69	3414
-1287.66	2051
-1290.62	1483
-1293.59	1259
-1296.57	1158
-1299.54	935
-1302.51	810
-1305.49	766
-1308.46	712
-1311.44	661
-1314.42	682
-1317.4	609
-1320.38	601
-1323.36	592
-1326.34	585
-1329.33	563
-1332.32	571
-1335.3	573
-1338.29	592
-1341.28	559
-1344.27	530
-1347.27	574
-1350.26	563
-1353.26	554
-1356.25	552
-1359.25	509
-1362.25	509
-1365.25	500
-1368.25	481
-1371.25	460
-1374.26	447
-1377.26	427
-1380.27	432
-1383.28	381
-1386.29	380
-1389.3	306
-1392.31	296
