2745.96	762
2744.58	812
2743.19	768
2741.81	761
2740.42	768
2739.03	771
2737.64	782
2736.25	796
2734.86	777
2733.47	810
2732.08	808
2730.69	809
2729.3	834
2727.91	847
2726.51	831
2725.12	844
2723.73	853
2722.33	849
2720.94	844
2719.54	806
2718.15	810
2716.75	819
2715.35	841
2713.96	838
2712.56	851
2711.16	855
2709.76	864
2708.36	831
2706.96	851
2705.56	852
2704.16	870
2702.76	856
2701.36	884
2699.96	880
2698.56	892
2697.15	923
2695.75	922
2694.34	914
2692.94	902
2691.53	906
2690.13	916
2688.72	907
2687.31	923
2685.91	919
2684.5	943
2683.09	944
2681.68	952
2680.27	934
2678.86	906
2677.45	928
2676.04	912
2674.63	896
2673.22	937
2671.81	967
2670.39	928
2668.98	950
2667.57	908
2666.15	939
2664.74	950
2663.32	934
2661.91	965
2660.49	968
2659.07	942
2657.65	965
2656.24	993
2654.82	979
2653.4	976
2651.98	991
2650.56	979
2649.14	1005
2647.72	1002
2646.3	1036
2644.87	1002
2643.45	1006
2642.03	1017
2640.61	1035
2639.18	1048
2637.76	1015
2636.33	1027
2634.91	1035
2633.48	1076
2632.05	1054
2630.62	1074
2629.2	1058
2627.77	1088
2626.34	1088
2624.91	1109
2623.48	1077
2622.05	1085
2620.62	1078
2619.19	1088
2617.76	1101
2616.32	1117
2614.89	1087
2613.46	1083
2612.02	1096
2610.59	1101
2609.15	1097
2607.72	1114
2606.28	1134
2604.85	1104
2603.41	1123
2601.97	1103
2600.53	1109
2599.09	1105
2597.65	1122
2596.22	1134
2594.78	1166
2593.33	1123
2591.89	1145
2590.45	1141
2589.01	1159
2587.57	1093
2586.12	1140
2584.68	1179
2583.23	1211
2581.79	1186
2580.34	1189
2578.9	1174
2577.45	1182
2576	1178
2574.56	1191
2573.11	1181
2571.66	1177
2570.21	1221
2568.76	1205
2567.31	1234
2565.86	1249
2564.41	1203
2562.96	1203
2561.51	1225
2560.05	1251
2558.6	1251
2557.15	1228
2555.69	1272
2554.24	1277
2552.78	1264
2551.32	1254
2549.87	1258
2548.41	1274
2546.95	1253
2545.5	1304
2544.04	1271
2542.58	1309
2541.12	1303
2539.66	1295
2538.2	1310
2536.74	1336
2535.27	1295
2533.81	1324
2532.35	1314
2530.89	1329
2529.42	1344
2527.96	1328
2526.49	1372
2525.03	1365
2523.56	1347
2522.09	1370
2520.63	1384
2519.16	1354
2517.69	1383
2516.22	1366
2514.75	1355
2513.28	1374
2511.81	1377
2510.34	1368
2508.87	1411
2507.4	1424
2505.93	1407
2504.45	1431
2502.98	1396
2501.51	1370
2500.03	1418
2498.56	1422
2497.08	1424
2495.6	1414
2494.13	1409
2492.65	1461
2491.17	1435
2489.69	1458
2488.22	1421
2486.74	1405
2485.26	1473
2483.78	1434
2482.29	1461
2480.81	1489
2479.33	1427
2477.85	1443
2476.36	1425
2474.88	1481
2473.4	1527
2471.91	1524
2470.43	1468
2468.94	1501
2467.45	1509
2465.97	1518
2464.48	1546
2462.99	1572
2461.5	1527
2460.01	1525
2458.52	1521
2457.03	1539
2455.54	1500
2454.05	1578
2452.56	1543
2451.07	1591
2449.57	1576
2448.08	1604
2446.59	1569
2445.09	1582
2443.6	1564
2442.1	1618
2440.6	1600
2439.11	1609
2437.61	1609
2436.11	1570
2434.61	1629
2433.12	1606
2431.62	1639
2430.12	1609
2428.62	1645
2427.11	1647
2425.61	1649
2424.11	1692
2422.61	1613
2421.1	1655
2419.6	1684
2418.1	1695
2416.59	1662
2415.09	1671
2413.58	1706
2412.07	1710
2410.57	1696
2409.06	1703
2407.55	1762
2406.04	1721
2404.53	1727
2403.02	1742
2401.51	1716
2400	1707
2398.49	1729
2396.98	1732
2395.46	1755
2393.95	1756
2392.44	1768
2390.92	1765
2389.41	1774
2387.89	1794
2386.38	1736
2384.86	1734
2383.34	1765
2381.82	1783
2380.31	1749
2378.79	1776
2377.27	1823
2375.75	1797
2374.23	1820
2372.71	1869
2371.19	1860
2369.66	1840
2368.14	1813
2366.62	1856
2365.09	1859
2363.57	1892
2362.04	1856
2360.52	1861
2358.99	1868
2357.47	1882
2355.94	1858
2354.41	1870
2352.88	1901
2351.35	1880
2349.83	1903
2348.3	1911
2346.77	1919
2345.23	1881
2343.7	1916
2342.17	1940
2340.64	1956
2339.1	1946
2337.57	1909
2336.04	1948
2334.5	1988
2332.97	1972
2331.43	1963
2329.89	1969
2328.36	1972
2326.82	1982
2325.28	1968
2323.74	1938
2322.2	1967
2320.66	2002
2319.12	1971
2317.58	1990
2316.04	2005
2314.5	2010
2312.95	2015
2311.41	2030
2309.87	1991
2308.32	2023
2306.78	2037
2305.23	2086
2303.68	2061
2302.14	2044
2300.59	2066
2299.04	2153
2297.49	2075
2295.94	2097
2294.39	2084
2292.84	2101
2291.29	2101
2289.74	2074
2288.19	2093
2286.64	2110
2285.09	2157
2283.53	2109
2281.98	2107
2280.42	2153
2278.87	2145
2277.31	2115
2275.76	2169
2274.2	2156
2272.64	2191
2271.08	2193
2269.52	2154
2267.96	2165
2266.4	2176
2264.84	2172
2263.28	2183
2261.72	2179
2260.16	2213
2258.6	2154
2257.03	2200
2255.47	2226
2253.9	2228
2252.34	2259
2250.77	2263
2249.21	2264
2247.64	2217
2246.07	2272
2244.51	2224
2242.94	2244
2241.37	2300
2239.8	2273
2238.23	2320
2236.66	2304
2235.09	2270
2233.51	2266
2231.94	2297
2230.37	2314
2228.79	2306
2227.22	2335
2225.65	2309
2224.07	2345
2222.49	2343
2220.92	2335
2219.34	2346
2217.76	2391
2216.18	2381
2214.61	2368
2213.03	2318
2211.45	2407
2209.86	2392
2208.28	2365
2206.7	2428
2205.12	2373
2203.54	2384
2201.95	2396
2200.37	2439
2198.78	2434
2197.2	2429
2195.61	2396
2194.03	2484
2192.44	2470
2190.85	2383
2189.26	2471
2187.67	2456
2186.09	2474
2184.5	2483
2182.9	2520
2181.31	2518
2179.72	2506
2178.13	2521
2176.54	2490
2174.94	2472
2173.35	2535
2171.75	2511
2170.16	2537
2168.56	2561
2166.97	2560
2165.37	2582
2163.77	2554
2162.17	2641
2160.58	2575
2158.98	2606
2157.38	2599
2155.78	2627
2154.17	2587
2152.57	2610
2150.97	2585
2149.37	2612
2147.76	2616
2146.16	2648
2144.56	2685
2142.95	2641
2141.34	2680
2139.74	2670
2138.13	2658
2136.52	2685
2134.91	2669
2133.31	2674
2131.7	2755
2130.09	2707
2128.48	2727
2126.86	2689
2125.25	2669
2123.64	2708
2122.03	2718
2120.41	2704
2118.8	2713
2117.18	2733
2115.57	2762
2113.95	2783
2112.34	2762
2110.72	2793
2109.1	2781
2107.48	2793
2105.86	2804
2104.25	2807
2102.63	2815
2101	2801
2099.38	2871
2097.76	2820
2096.14	2830
2094.52	2794
2092.89	2841
2091.27	2834
2089.64	2810
2088.02	2891
2086.39	2831
2084.76	2869
2083.14	2925
2081.51	2903
2079.88	2886
2078.25	2934
2076.62	2899
2074.99	2891
2073.36	2894
2071.73	2967
2070.1	2929
2068.46	2942
2066.83	2998
2065.2	3009
2063.56	3024
2061.93	3027
2060.29	2955
2058.65	3021
2057.02	3041
2055.38	3052
2053.74	3008
2052.1	3006
2050.46	3053
2048.82	3059
2047.18	3042
2045.54	3056
2043.9	3007
2042.26	3019
2040.61	3016
2038.97	3085
2037.33	3096
2035.68	3104
2034.04	3094
2032.39	3088
2030.74	3145
2029.1	3128
2027.45	3150
2025.8	3105
2024.15	3122
2022.5	3149
2020.85	3150
2019.2	3227
2017.55	3121
2015.89	3179
2014.24	3201
2012.59	3159
2010.93	3212
2009.28	3233
2007.62	3228
2005.97	3161
2004.31	3192
2002.65	3202
2001	3227
1999.34	3272
1997.68	3271
1996.02	3292
1994.36	3293
1992.7	3294
1991.04	3290
1989.38	3360
1987.71	3358
1986.05	3359
1984.39	3355
1982.72	3337
1981.06	3424
1979.39	3417
1977.72	3382
1976.06	3458
1974.39	3375
1972.72	3460
1971.05	3471
1969.38	3417
1967.71	3441
1966.04	3530
1964.37	3514
1962.7	3508
1961.03	3525
1959.35	3531
1957.68	3553
1956	3557
1954.33	3526
1952.65	3597
1950.98	3512
1949.3	3565
1947.62	3567
1945.94	3575
1944.27	3663
1942.59	3586
1940.91	3623
1939.23	3658
1937.54	3638
1935.86	3686
1934.18	3589
1932.5	3726
1930.81	3709
1929.13	3641
1927.44	3691
1925.76	3709
1924.07	3683
1922.39	3681
1920.7	3685
1919.01	3684
1917.32	3669
1915.63	3700
1913.94	3745
1912.25	3671
1910.56	3754
1908.87	3759
1907.17	3714
1905.48	3789
1903.79	3688
1902.09	3745
1900.4	3752
1898.7	3781
1897.01	3787
1895.31	3816
1893.61	3839
1891.91	3912
1890.21	3909
1888.51	3864
1886.81	3866
1885.11	3858
1883.41	3904
1881.71	3923
1880.01	3972
1878.3	3909
1876.6	3917
1874.9	3906
1873.19	3990
1871.48	4038
1869.78	4037
1868.07	4043
1866.36	4059
1864.65	3999
1862.95	4125
1861.24	4085
1859.53	4106
1857.81	4080
1856.1	4110
1854.39	4163
1852.68	4205
1850.96	4167
1849.25	4150
1847.54	4203
1845.82	4172
1844.1	4221
1842.39	4210
1840.67	4225
1838.95	4226
1837.23	4250
1835.51	4295
1833.79	4251
1832.07	4267
1830.35	4221
1828.63	4229
1826.91	4254
1825.18	4342
1823.46	4378
1821.74	4405
1820.01	4381
1818.29	4355
1816.56	4389
1814.83	4481
1813.1	4409
1811.38	4525
1809.65	4426
1807.92	4535
1806.19	4419
1804.46	4497
1802.73	4501
1800.99	4523
1799.26	4512
1797.53	4534
1795.79	4597
1794.06	4629
1792.32	4630
1790.59	4582
1788.85	4657
1787.11	4615
1785.37	4575
1783.64	4667
1781.9	4659
1780.16	4709
1778.42	4716
1776.67	4808
1774.93	4734
1773.19	4768
1771.45	4707
1769.7	4830
1767.96	4810
1766.21	4859
1764.47	4766
1762.72	4828
1760.97	4861
1759.23	4819
1757.48	4894
1755.73	5021
1753.98	5008
1752.23	4959
1750.48	4928
1748.73	4973
1746.97	5105
1745.22	5078
1743.47	5080
1741.71	5134
1739.96	5103
1738.2	5183
1736.44	5187
1734.69	5112
1732.93	5243
1731.17	5284
1729.41	5302
1727.65	5268
1725.89	5344
1724.13	5430
1722.37	5410
1720.61	5329
1718.85	5454
1717.08	5432
1715.32	5443
1713.55	5517
1711.79	5465
1710.02	5549
1708.25	5594
1706.49	5510
1704.72	5637
1702.95	5687
1701.18	5649
1699.41	5775
1697.64	5773
1695.87	5787
1694.09	5920
1692.32	5935
1690.55	6002
1688.77	6007
1687	6060
1685.22	6112
1683.45	6190
1681.67	6201
1679.89	6216
1678.11	6298
1676.34	6302
1674.56	6339
1672.78	6369
1671	6454
1669.21	6479
1667.43	6547
1665.65	6532
1663.86	6653
1662.08	6567
1660.3	6602
1658.51	6678
1656.72	6738
1654.94	6747
1653.15	6782
1651.36	6725
1649.57	6743
1647.78	6743
1645.99	6738
1644.2	6757
1642.41	6737
1640.62	6704
1638.82	6712
1637.03	6683
1635.24	6707
1633.44	6695
1631.65	6604
1629.85	6636
1628.05	6590
1626.25	6634
1624.46	6590
1622.66	6496
1620.86	6578
1619.06	6563
1617.26	6573
1615.45	6517
1613.65	6576
1611.85	6563
1610.04	6536
1608.24	6541
1606.43	6559
1604.63	6590
1602.82	6586
1601.02	6550
1599.21	6517
1597.4	6566
1595.59	6599
1593.78	6551
1591.97	6527
1590.16	6491
1588.35	6565
1586.53	6454
1584.72	6522
1582.91	6502
1581.09	6520
1579.28	6501
1577.46	6545
1575.64	6535
1573.82	6555
1572.01	6602
1570.19	6569
1568.37	6537
1566.55	6592
1564.73	6662
1562.91	6659
1561.08	6617
1559.26	6611
1557.44	6716
1555.61	6613
1553.79	6594
1551.96	6609
1550.14	6596
1548.31	6658
1546.48	6573
1544.65	6637
1542.82	6599
1540.99	6710
1539.16	6599
1537.33	6615
1535.5	6643
1533.67	6690
1531.83	6563
1530	6542
1528.16	6598
1526.33	6642
1524.49	6611
1522.66	6558
1520.82	6573
1518.98	6545
1517.14	6563
1515.3	6600
1513.46	6493
1511.62	6469
1509.78	6573
1507.94	6576
1506.09	6608
1504.25	6609
1502.41	6577
1500.56	6583
1498.71	6602
1496.87	6540
1495.02	6677
1493.17	6681
1491.32	6728
1489.47	6689
1487.63	6684
1485.77	6805
1483.92	6745
1482.07	6804
1480.22	6843
1478.36	6866
1476.51	6885
1474.66	7013
1472.8	7148
1470.94	7014
1469.09	7117
1467.23	7145
1465.37	7217
1463.51	7276
1461.65	7273
1459.79	7355
1457.93	7343
1456.07	7397
1454.2	7478
1452.34	7427
1450.48	7436
1448.61	7388
1446.75	7393
1444.88	7317
1443.01	7316
1441.14	7380
1439.28	7294
1437.41	7367
1435.54	7293
1433.67	7270
1431.8	7262
1429.92	7247
1428.05	7232
1426.18	7093
1424.3	7195
1422.43	7125
1420.55	7160
1418.68	7038
1416.8	7119
1414.92	7104
1413.04	7069
1411.17	7060
1409.29	7009
1407.41	6986
1405.52	7014
1403.64	7041
1401.76	6916
1399.88	7017
1397.99	7039
1396.11	6971
1394.22	6981
1392.34	6924
1390.45	6889
1388.56	6878
1386.67	6830
1384.78	6919
1382.89	6828
1381	6809
1379.11	6929
1377.22	6897
1375.33	6842
1373.43	6900
1371.54	6879
1369.65	6867
1367.75	6933
1365.85	6899
1363.96	6978
1362.06	7016
1360.16	7026
1358.26	7151
1356.36	7150
1354.46	7123
1352.56	7224
1350.66	7259
1348.75	7266
1346.85	7263
1344.95	7310
1343.04	7266
1341.14	7350
1339.23	7219
1337.32	7258
1335.42	7341
1333.51	7311
1331.6	7385
1329.69	7470
1327.78	7421
1325.86	7385
1323.95	7408
1322.04	7453
1320.13	7513
1318.21	7429
1316.3	7505
1314.38	7562
1312.46	7485
1310.55	7575
1308.63	7541
1306.71	7649
1304.79	7651
1302.87	7669
1300.95	7712
1299.03	7745
1297.1	7677
1295.18	7640
1293.26	7647
1291.33	7732
1289.41	7747
1287.48	7747
1285.55	7718
1283.63	7796
1281.7	7822
1279.77	7812
1277.84	7820
1275.91	7845
1273.98	7876
1272.05	7863
1270.11	7952
1268.18	7946
1266.24	7799
1264.31	7868
1262.37	7876
1260.44	7852
1258.5	7829
1256.56	7766
1254.62	7760
1252.68	7804
1250.74	7774
1248.8	7793
1246.86	7763
1244.92	7804
1242.98	7718
1241.03	7655
1239.09	7621
1237.14	7618
1235.2	7660
1233.25	7507
1231.3	7392
1229.35	7403
1227.4	7293
1225.45	7410
1223.5	7328
1221.55	7180
1219.6	7126
1217.65	7171
1215.69	7113
1213.74	7074
1211.78	7016
1209.83	7001
1207.87	6968
1205.91	6889
1203.96	6867
1202	6846
1200.04	6759
1198.08	6776
1196.12	6673
1194.15	6704
1192.19	6695
1190.23	6662
1188.26	6666
1186.3	6703
1184.33	6650
1182.37	6626
1180.4	6515
1178.43	6629
1176.46	6616
1174.49	6515
1172.52	6493
1170.55	6512
1168.58	6487
1166.61	6480
1164.64	6442
1162.66	6493
1160.69	6430
1158.71	6470
1156.73	6454
1154.76	6495
1152.78	6551
1150.8	6459
1148.82	6463
1146.84	6519
1144.86	6490
1142.88	6560
1140.9	6492
1138.91	6596
1136.93	6564
1134.95	6523
1132.96	6506
1130.97	6560
1128.99	6556
1127	6524
1125.01	6624
1123.02	6645
1121.03	6674
1119.04	6650
1117.05	6650
1115.06	6636
1113.07	6651
1111.07	6637
1109.08	6709
1107.08	6673
1105.09	6744
1103.09	6800
1101.09	6749
1099.09	6747
1097.09	6815
1095.09	6738
1093.09	6704
1091.09	6827
1089.09	6722
1087.09	6852
1085.08	6779
1083.08	6810
1081.07	6852
1079.07	6721
1077.06	6782
1075.05	6766
1073.04	6847
1071.03	6730
1069.02	6761
1067.01	6819
1065	6857
1062.99	6918
1060.98	6793
1058.96	6801
1056.95	6788
1054.93	6735
1052.92	6823
1050.9	6783
1048.88	6755
1046.86	6760
1044.84	6780
1042.82	6848
1040.8	6852
1038.78	6832
1036.76	6792
1034.74	6810
1032.71	6760
1030.69	6686
1028.66	6738
1026.64	6792
1024.61	6727
1022.58	6712
1020.55	6675
1018.52	6731
1016.49	6726
1014.46	6796
1012.43	6822
1010.4	6826
1008.36	6838
1006.33	6819
1004.29	6832
1002.26	6871
1000.22	6807
998.184	6847
996.146	6820
994.108	6840
992.068	6880
990.028	6814
987.986	6920
985.944	6894
983.901	6944
981.858	7028
979.813	6997
977.768	7034
975.722	7011
973.675	7056
971.627	7030
969.579	7131
967.53	7189
965.48	7184
963.429	7162
961.377	7165
959.325	7206
957.273	7157
955.218	7260
953.163	7279
951.108	7307
949.051	7335
946.994	7363
944.936	7290
942.878	7296
940.818	7402
938.758	7374
936.697	7388
934.634	7351
932.572	7330
930.509	7311
928.444	7253
926.379	7300
924.313	7364
922.246	7369
920.179	7306
918.111	7333
916.041	7372
913.972	7258
911.901	7259
909.829	7285
907.757	7305
905.684	7238
903.61	7319
901.535	7300
899.46	7233
897.383	7199
895.306	7369
893.228	7252
891.149	7256
889.069	7237
886.989	7300
884.908	7315
882.826	7342
880.743	7314
878.659	7235
876.575	7380
874.49	7378
872.403	7405
870.317	7405
868.229	7428
866.141	7406
864.051	7565
861.961	7535
859.87	7473
857.779	7570
855.685	7485
853.592	7579
851.498	7448
849.403	7525
847.307	7557
845.211	7459
843.113	7556
841.015	7612
838.916	7531
836.816	7495
834.715	7510
832.613	7548
830.511	7550
828.408	7456
826.304	7486
824.199	7449
822.093	7498
819.987	7463
817.879	7384
815.771	7399
813.663	7511
811.553	9111
809.442	8150
807.331	7310
805.218	7226
803.105	7264
800.992	7214
798.877	7243
796.761	7229
794.645	7297
792.527	7256
790.41	7275
788.291	7242
786.171	7227
784.051	7209
781.929	7346
779.807	7202
777.684	7243
775.56	7234
773.436	7353
771.31	7353
769.184	7289
767.057	7372
764.929	7439
762.8	7493
760.67	7449
758.54	7357
756.409	7402
754.277	7500
752.143	7557
750.01	7569
747.875	7563
745.74	7579
743.603	7570
741.466	7635
739.328	7595
737.189	7618
735.049	7716
732.909	7597
730.768	7654
728.626	7700
726.483	7743
724.339	7598
722.194	7603
720.049	7553
717.903	7566
715.755	7588
713.607	7717
711.458	7598
709.308	7579
707.158	7517
705.007	7596
702.855	7547
700.701	7599
698.548	7546
696.393	7579
694.237	7520
692.081	7468
689.923	7488
687.765	7455
685.606	7482
683.446	7428
681.286	7356
679.124	7450
676.962	7420
674.798	7555
672.635	7454
670.469	7448
668.304	7431
666.137	7492
663.969	7444
661.801	7411
659.632	7444
657.462	7494
655.291	7556
653.119	7562
650.947	7450
648.773	7684
646.599	7687
644.424	7594
642.248	7615
640.071	7647
637.893	7658
635.714	7716
633.535	7687
631.354	7756
629.173	7736
626.992	7735
624.809	7744
622.625	7748
620.44	7784
618.255	7802
616.069	7776
613.882	7700
611.694	7828
609.505	7718
607.315	7823
605.124	7738
602.933	7688
600.741	7696
598.548	7749
596.354	7696
594.158	7659
591.963	7708
589.766	7732
587.569	7735
585.37	7740
583.171	7730
580.971	7760
578.769	7668
576.569	7744
574.365	7824
572.161	7803
569.957	7794
567.752	7780
565.545	7756
563.339	7758
561.13	7878
558.922	7771
556.712	7818
554.502	7822
552.291	7819
550.078	7851
547.865	7840
545.651	7863
543.436	7933
541.22	7896
539.004	7924
536.787	7872
534.568	8070
532.349	8019
530.128	8084
527.907	8094
525.686	8060
523.463	8091
521.239	8182
519.015	8132
516.789	8131
514.563	8160
512.335	8118
510.107	8171
507.879	8120
505.648	8144
503.418	8168
501.186	8057
498.954	8038
496.721	8092
494.486	8162
492.251	8104
490.015	7991
487.778	8053
485.541	8094
483.302	8031
481.063	8020
478.822	8004
476.581	8063
474.338	8067
472.096	8048
469.851	8016
467.607	8020
465.361	8086
463.114	7982
460.867	8144
458.618	8116
456.369	8054
454.119	8155
451.868	8157
449.616	8166
447.363	8256
445.11	8247
442.854	8238
440.599	8263
438.343	8287
436.085	8234
433.827	8332
431.568	8317
429.308	8374
427.047	8420
424.786	8431
422.522	8508
420.259	8519
417.994	8459
415.729	8462
413.463	8478
411.196	8544
408.927	8502
406.658	8468
404.389	8551
402.118	8565
399.846	8484
397.573	8491
395.3	8602
393.025	8608
390.75	8539
388.474	8572
386.196	8684
383.919	8611
381.64	8634
379.36	8704
377.08	8588
374.798	8682
372.515	8646
370.231	8679
367.947	8628
365.662	8706
363.376	8797
361.089	8755
358.801	8748
356.511	8826
354.222	8939
351.931	8903
349.639	8932
347.347	8868
345.053	8999
342.759	8968
340.463	9032
338.167	9078
335.871	9028
333.572	8976
331.273	9058
328.974	9128
326.673	9179
324.371	9128
322.068	9222
319.765	9179
317.46	9366
315.154	9304
312.849	9446
310.541	9423
308.233	9454
305.924	9607
303.614	9588
301.303	9575
298.992	9718
296.679	9699
294.365	9780
292.051	9796
289.734	9852
287.418	9953
285.101	9956
282.783	10092
280.463	10076
278.144	10188
275.822	10375
273.5	10334
271.178	10442
268.853	10532
266.529	10658
264.203	10798
261.876	10869
259.548	10969
257.22	11106
254.891	11157
252.561	11223
250.229	11369
247.897	11457
245.564	11551
243.23	11703
240.895	11858
238.559	11899
236.222	12193
233.884	12224
231.545	12456
229.206	12537
226.865	12768
224.524	12611
222.181	12934
219.838	13294
217.493	13383
215.148	13404
212.802	13800
210.455	14105
208.106	14275
205.758	14324
203.407	14880
201.056	15090
198.705	15343
196.351	15412
193.997	15764
191.643	15962
189.288	16115
186.931	16304
184.574	16522
182.214	16674
179.855	16879
177.495	17152
175.134	17180
172.771	17475
170.408	17679
168.044	18134
165.679	18316
163.312	18694
160.946	19194
158.578	19230
156.208	19451
153.838	19680
151.468	19829
149.097	20013
146.724	20323
144.349	20636
141.975	20818
139.599	21137
137.223	21523
134.846	21864
132.467	22084
130.088	22581
127.707	23119
125.326	23626
122.944	24090
120.56	24632
118.177	25215
115.791	25938
113.405	26571
111.018	27281
108.63	28044
106.241	29006
103.851	30145
101.46	31210
99.0686	32443
96.675	33774
94.2815	35307
91.8872	36717
89.4909	38703
87.0947	40422
84.6966	42575
82.2976	44774
79.8987	47445
77.4979	50250
75.0962	53527
72.6935	58258
70.29	63503
67.8855	64524
65.4801	64524
63.0739	64524
60.6667	64524
58.2586	64524
55.8495	64524
53.4386	64524
51.0278	64524
48.616	64524
46.2023	64524
43.7887	64524
41.3732	64524
38.9568	64524
36.5404	64524
34.1222	64524
31.703	64524
29.2829	64524
26.8618	64524
24.4399	64524
22.017	64524
19.5932	64524
17.1685	64524
14.7429	64524
12.3153	64524
9.88782	64524
7.4594	64524
5.02907	64524
2.5988	64524
0.166609	64524
-2.26552	64524
-4.69956	64524
-7.13454	64524
-9.57045	64524
-12.0063	64524
-14.4441	64524
-16.8828	64524
-19.3224	64524
-21.763	64524
-24.2045	64524
-26.6479	64524
-29.0913	64524
-31.5356	64524
-33.9808	64524
-36.428	64524
-38.8751	64524
-41.3241	64524
-43.7731	64524
-46.224	64524
-48.6749	64524
-51.1277	64524
-53.5814	64524
-56.0361	64524
-58.4907	64524
-60.9473	64524
-63.4048	64524
-65.8633	64524
-68.3227	64524
-70.783	57997
-73.2453	51455
-75.7075	45939
-78.1707	41098
-80.6348	36590
-83.1009	33071
-85.5669	29740
-88.0349	26998
-90.5028	24651
-92.9727	22161
-95.4425	20020
-97.9143	18046
-100.387	16041
-102.861	14376
-105.334	13223
-107.81	12118
-110.286	11265
-112.764	10399
-115.242	9792
-117.722	8900
-120.203	8077
-122.684	7373
-125.167	6748
-127.65	6012
-130.135	5476
-132.62	4987
-135.106	4709
-137.594	4412
-140.082	4018
-142.572	3688
-145.063	3360
-147.554	3057
-150.047	2742
-152.541	2509
-155.036	2348
-157.532	2180
-160.028	2049
-162.526	1915
-165.025	1813
-167.525	1652
-170.025	1578
-172.527	1521
-175.029	1446
-177.534	1361
-180.038	1292
-182.544	1225
-185.051	1177
-187.559	1147
-190.068	1101
-192.577	1036
-195.089	1089
-197.6	1037
-200.113	1012
-202.628	995
-205.143	978
-207.659	929
-210.176	917
-212.694	886
-215.213	900
-217.734	915
-220.255	905
-222.777	861
-225.3	881
-227.824	840
-230.349	838
-232.876	803
-235.403	781
-237.932	787
-240.461	772
-242.992	763
-245.523	708
-248.056	705
-250.589	706
-253.124	728
-255.66	712
-258.197	710
-260.734	667
-263.273	669
-265.813	658
-268.354	664
-270.896	625
-273.439	634
-275.982	631
-278.527	633
-281.074	574
-283.621	601
-286.169	591
-288.718	566
-291.269	573
-293.82	533
-296.372	523
-298.925	542
-301.48	539
-304.035	525
-306.592	493
-309.15	504
-311.708	477
-314.268	496
-316.828	495
-319.39	469
-321.953	472
-324.517	455
-327.082	452
-329.648	440
-332.215	463
-334.783	428
-337.352	420
-339.922	426
-342.493	430
-345.066	440
-347.639	396
-350.213	410
-352.789	389
-355.365	407
-357.943	406
-360.521	394
-363.101	399
-365.681	391
-368.263	384
-370.847	385
-373.431	379
-376.015	384
-378.601	364
-381.188	348
-383.777	345
-386.366	356
-388.956	356
-391.548	336
-394.14	340
-396.733	353
-399.328	334
-401.923	324
-404.521	350
-407.118	328
-409.717	333
-412.317	323
-414.918	312
-417.52	307
-420.123	320
-422.727	305
-425.332	322
-427.939	294
-430.546	300
-433.155	308
-435.764	321
-438.374	303
-440.986	305
-443.599	300
-446.213	284
-448.828	277
-451.444	296
-454.061	293
-456.68	278
-459.299	296
-461.919	283
-464.54	278
-467.163	285
-469.786	269
-472.411	276
-475.037	258
-477.663	263
-480.292	261
-482.92	281
-485.551	262
-488.182	273
-490.814	246
-493.447	267
-496.082	267
-498.717	249
-501.354	253
-503.992	259
-506.63	256
-509.27	260
-511.911	241
-514.553	267
-517.197	244
-519.841	250
-522.486	248
-525.133	261
-527.78	238
-530.429	242
-533.078	243
-535.729	230
-538.381	233
-541.034	235
-543.688	265
-546.343	236
-548.999	243
-551.657	249
-554.316	234
-556.975	219
-559.636	246
-562.297	252
-564.961	233
-567.625	245
-570.29	226
-572.956	239
-575.623	252
-578.292	243
-580.961	231
-583.632	237
-586.303	232
-588.976	238
-591.65	234
-594.326	236
-597.002	243
-599.679	236
-602.358	223
-605.037	241
-607.718	248
-610.399	244
-613.082	250
-615.767	240
-618.452	251
-621.138	242
-623.825	246
-626.514	239
-629.203	230
-631.893	246
-634.586	253
-637.278	241
-639.973	236
-642.667	245
-645.364	263
-648.061	249
-650.76	239
-653.46	248
-656.16	285
-658.862	258
-661.566	263
-664.269	278
-666.974	248
-669.681	255
-672.389	255
-675.097	264
-677.807	259
-680.518	260
-683.23	250
-685.943	236
-688.658	248
-691.373	236
-694.089	222
-696.807	259
-699.526	250
-702.245	236
-704.966	262
-707.689	233
-710.412	246
-713.136	259
-715.863	252
-718.589	253
-721.317	259
-724.046	251
-726.776	262
-729.508	268
-732.24	253
-734.974	252
-737.709	264
-740.444	251
-743.182	242
-745.919	243
-748.659	276
-751.399	246
-754.141	246
-756.883	259
-759.627	258
-762.372	242
-765.119	261
-767.866	267
-770.615	258
-773.365	253
-776.115	253
-778.867	259
-781.62	284
-784.375	247
-787.13	271
-789.886	263
-792.644	258
-795.402	250
-798.162	232
-800.924	258
-803.686	222
-806.449	275
-809.215	263
-811.98	268
-814.747	261
-817.516	259
-820.284	260
-823.054	248
-825.827	258
-828.599	257
-831.373	252
-834.149	248
-836.924	234
-839.702	257
-842.48	233
-845.26	250
-848.042	252
-850.823	255
-853.606	273
-856.391	245
-859.177	255
-861.963	248
-864.751	240
-867.54	263
-870.331	229
-873.122	246
-875.915	242
-878.709	264
-881.504	228
-884.3	229
-887.097	265
-889.895	245
-892.695	236
-895.496	250
-898.298	243
-901.101	253
-903.905	241
-906.711	252
-909.518	245
-912.325	246
-915.134	251
-917.945	233
-920.756	240
-923.569	257
-926.383	245
-929.198	244
-932.013	257
-934.831	250
-937.649	257
-940.47	257
-943.29	254
-946.113	259
-948.936	261
-951.761	249
-954.586	253
-957.413	259
-960.242	266
-963.07	277
-965.901	251
-968.733	267
-971.565	280
-974.399	271
-977.235	259
-980.072	280
-982.908	270
-985.747	270
-988.588	264
-991.429	284
-994.271	276
-997.115	263
-999.96	277
-1002.81	280
-1005.65	276
-1008.5	282
-1011.35	276
-1014.2	263
-1017.05	274
-1019.91	262
-1022.76	267
-1025.62	272
-1028.47	292
-1031.33	305
-1034.19	277
-1037.05	280
-1039.91	280
-1042.78	284
-1045.64	277
-1048.51	277
-1051.37	300
-1054.24	282
-1057.11	294
-1059.98	287
-1062.85	289
-1065.72	304
-1068.6	307
-1071.47	299
-1074.35	308
-1077.23	307
-1080.11	316
-1082.99	338
-1085.87	316
-1088.75	338
-1091.63	302
-1094.52	318
-1097.4	305
-1100.29	348
-1103.18	333
-1106.07	341
-1108.96	321
-1111.85	329
-1114.75	344
-1117.64	363
-1120.54	339
-1123.43	351
-1126.33	363
-1129.23	370
-1132.13	360
-1135.03	390
-1137.94	372
-1140.84	376
-1143.75	375
-1146.65	378
-1149.56	395
-1152.47	386
-1155.38	420
-1158.3	434
-1161.21	455
-1164.12	458
-1167.04	467
-1169.96	500
-1172.87	517
-1175.79	588
-1178.71	657
-1181.64	778
-1184.56	914
-1187.48	1071
-1190.41	1224
-1193.33	1349
-1196.26	1503
-1199.19	1649
-1202.12	1834
-1205.06	2140
-1207.99	2353
-1210.92	2498
-1213.86	2767
-1216.8	3077
-1219.73	3362
-1222.67	3553
-1225.61	3761
-1228.55	3974
-1231.5	4261
-1234.44	4783
-1237.39	5519
-1240.33	6243
-1243.28	7373
-1246.23	10019
-1249.18	12450
-1252.14	14502
-1255.09	16042
-1258.04	17183
-1261	16840
-1263.96	16249
-1266.91	15499
-1269.87	14399
-1272.83	12680
-1275.8	10532
-1278.76	8343
-1281.72	5912
-1284.69	3612
-1287.66	2158
-1290.62	1544
-1293.59	1332
-1296.57	1228
-1299.54	970
-1302.51	825
-1305.49	798
-1308.46	746
-1311.44	696
-1314.42	685
-1317.4	651
-1320.38	645
-1323.36	617
-1326.34	590
-1329.33	591
-1332.32	592
-1335.3	583
-1338.29	581
-1341.28	571
-1344.27	560
-1347.27	564
-1350.26	560
-1353.26	573
-1356.25	600
-1359.25	536
-1362.25	534
-1365.25	506
-1368.25	509
-1371.25	502
-1374.26	500
-1377.26	437
-1380.27	423
-1383.28	437
-1386.29	393
-1389.3	340
-1392.31	313
