2745.96	829
2744.58	825
2743.19	856
2741.81	845
2740.42	817
2739.03	861
2737.64	845
2736.25	860
2734.86	883
2733.47	901
2732.08	907
2730.69	875
2729.3	900
2727.91	898
2726.51	883
2725.12	920
2723.73	904
2722.33	926
2720.94	889
2719.54	922
2718.15	928
2716.75	904
2715.35	897
2713.96	927
2712.56	905
2711.16	900
2709.76	924
2708.36	909
2706.96	920
2705.56	929
2704.16	974
2702.76	936
2701.36	975
2699.96	948
2698.56	961
2697.15	969
2695.75	964
2694.34	992
2692.94	998
2691.53	981
2690.13	993
2688.72	1002
2687.31	1018
2685.91	1009
2684.5	1035
2683.09	1015
2681.68	997
2680.27	1025
2678.86	1007
2677.45	1040
2676.04	1024
2674.63	1049
2673.22	1055
2671.81	1036
2670.39	998
2668.98	1042
2667.57	1033
2666.15	1058
2664.74	1040
2663.32	1033
2661.91	1055
2660.49	1057
2659.07	1085
2657.65	1092
2656.24	1107
2654.82	1048
2653.4	1085
2651.98	1057
2650.56	1072
2649.14	1126
2647.72	1124
2646.3	1121
2644.87	1133
2643.45	1138
2642.03	1115
2640.61	1136
2639.18	1139
2637.76	1161
2636.33	1177
2634.91	1144
2633.48	1158
2632.05	1196
2630.62	1181
2629.2	1169
2627.77	1188
2626.34	1207
2624.91	1238
2623.48	1197
2622.05	1185
2620.62	1234
2619.19	1204
2617.76	1211
2616.32	1245
2614.89	1185
2613.46	1243
2612.02	1230
2610.59	1206
2609.15	1229
2607.72	1229
2606.28	1226
2604.85	1225
2603.41	1243
2601.97	1231
2600.53	1221
2599.09	1277
2597.65	1247
2596.22	1252
2594.78	1258
2593.33	1275
2591.89	1285
2590.45	1274
2589.01	1268
2587.57	1305
2586.12	1302
2584.68	1279
2583.23	1337
2581.79	1324
2580.34	1371
2578.9	1339
2577.45	1342
2576	1375
2574.56	1332
2573.11	1364
2571.66	1342
2570.21	1369
2568.76	1344
2567.31	1374
2565.86	1364
2564.41	1369
2562.96	1391
2561.51	1380
2560.05	1385
2558.6	1416
2557.15	1407
2555.69	1376
2554.24	1368
2552.78	1399
2551.32	1412
2549.87	1442
2548.41	1444
2546.95	1462
2545.5	1446
2544.04	1432
2542.58	1423
2541.12	1450
2539.66	1453
2538.2	1465
2536.74	1476
2535.27	1512
2533.81	1505
2532.35	1541
2530.89	1493
2529.42	1512
2527.96	1532
2526.49	1531
2525.03	1547
2523.56	1505
2522.09	1544
2520.63	1568
2519.16	1560
2517.69	1594
2516.22	1507
2514.75	1542
2513.28	1580
2511.81	1508
2510.34	1545
2508.87	1584
2507.4	1561
2505.93	1566
2504.45	1574
2502.98	1573
2501.51	1652
2500.03	1593
2498.56	1621
2497.08	1597
2495.6	1593
2494.13	1586
2492.65	1623
2491.17	1609
2489.69	1595
2488.22	1655
2486.74	1609
2485.26	1630
2483.78	1639
2482.29	1638
2480.81	1626
2479.33	1663
2477.85	1671
2476.36	1676
2474.88	1685
2473.4	1667
2471.91	1702
2470.43	1724
2468.94	1714
2467.45	1691
2465.97	1752
2464.48	1737
2462.99	1764
2461.5	1727
2460.01	1730
2458.52	1700
2457.03	1685
2455.54	1760
2454.05	1776
2452.56	1801
2451.07	1772
2449.57	1787
2448.08	1748
2446.59	1804
2445.09	1789
2443.6	1814
2442.1	1830
2440.6	1840
2439.11	1798
2437.61	1837
2436.11	1821
2434.61	1841
2433.12	1816
2431.62	1863
2430.12	1855
2428.62	1851
2427.11	1863
2425.61	1844
2424.11	1870
2422.61	1862
2421.1	1896
2419.6	1872
2418.1	1920
2416.59	1959
2415.09	1973
2413.58	1956
2412.07	1910
2410.57	1954
2409.06	1902
2407.55	1957
2406.04	1980
2404.53	1947
2403.02	1933
2401.51	1963
2400	1961
2398.49	1954
2396.98	1954
2395.46	1955
2393.95	1992
2392.44	2055
2390.92	2029
2389.41	2045
2387.89	2016
2386.38	1986
2384.86	2034
2383.34	2007
2381.82	2009
2380.31	2044
2378.79	2041
2377.27	2011
2375.75	2014
2374.23	2119
2372.71	2054
2371.19	2121
2369.66	2068
2368.14	2143
2366.62	2122
2365.09	2127
2363.57	2149
2362.04	2146
2360.52	2158
2358.99	2121
2357.47	2090
2355.94	2129
2354.41	2131
2352.88	2167
2351.35	2147
2349.83	2163
2348.3	2135
2346.77	2174
2345.23	2190
2343.7	2194
2342.17	2226
2340.64	2222
2339.1	2197
2337.57	2187
2336.04	2235
2334.5	2225
2332.97	2247
2331.43	2227
2329.89	2278
2328.36	2220
2326.82	2273
2325.28	2300
2323.74	2284
2322.2	2275
2320.66	2290
2319.12	2317
2317.58	2338
2316.04	2276
2314.5	2336
2312.95	2301
2311.41	2369
2309.87	2337
2308.32	2388
2306.78	2364
2305.23	2311
2303.68	2369
2302.14	2341
2300.59	2380
2299.04	2460
2297.49	2408
2295.94	2431
2294.39	2427
2292.84	2398
2291.29	2410
2289.74	2436
2288.19	2390
2286.64	2414
2285.09	2465
2283.53	2445
2281.98	2454
2280.42	2425
2278.87	2459
2277.31	2481
2275.76	2481
2274.2	2573
2272.64	2453
2271.08	2454
2269.52	2493
2267.96	2501
2266.4	2495
2264.84	2517
2263.28	2593
2261.72	2519
2260.16	2523
2258.6	2558
2257.03	2561
2255.47	2583
2253.9	2580
2252.34	2568
2250.77	2553
2249.21	2563
2247.64	2588
2246.07	2608
2244.51	2614
2242.94	2599
2241.37	2612
2239.8	2638
2238.23	2656
2236.66	2647
2235.09	2624
2233.51	2652
2231.94	2729
2230.37	2704
2228.79	2692
2227.22	2660
2225.65	2658
2224.07	2683
2222.49	2734
2220.92	2752
2219.34	2730
2217.76	2753
2216.18	2698
2214.61	2699
2213.03	2732
2211.45	2765
2209.86	2773
2208.28	2783
2206.7	2776
2205.12	2804
2203.54	2843
2201.95	2831
2200.37	2778
2198.78	2792
2197.2	2798
2195.61	2876
2194.03	2852
2192.44	2873
2190.85	2842
2189.26	2891
2187.67	2862
2186.09	2894
2184.5	2877
2182.9	2919
2181.31	2854
2179.72	2845
2178.13	2937
2176.54	2931
2174.94	2974
2173.35	2883
2171.75	2997
2170.16	2981
2168.56	2964
2166.97	2947
2165.37	3014
2163.77	2947
2162.17	3021
2160.58	2970
2158.98	3028
2157.38	3027
2155.78	3082
2154.17	3067
2152.57	2995
2150.97	3064
2149.37	2994
2147.76	3073
2146.16	3068
2144.56	3120
2142.95	3122
2141.34	3049
2139.74	3119
2138.13	3078
2136.52	3134
2134.91	3155
2133.31	3131
2131.7	3118
2130.09	3159
2128.48	3135
2126.86	3194
2125.25	3188
2123.64	3171
2122.03	3142
2120.41	3180
2118.8	3195
2117.18	3240
2115.57	3246
2113.95	3229
2112.34	3206
2110.72	3200
2109.1	3222
2107.48	3203
2105.86	3249
2104.25	3271
2102.63	3232
2101	3291
2099.38	3264
2097.76	3269
2096.14	3308
2094.52	3320
2092.89	3280
2091.27	3400
2089.64	3319
2088.02	3356
2086.39	3360
2084.76	3368
2083.14	3404
2081.51	3414
2079.88	3450
2078.25	3470
2076.62	3422
2074.99	3450
2073.36	3451
2071.73	3433
2070.1	3501
2068.46	3509
2066.83	3471
2065.2	3530
2063.56	3555
2061.93	3549
2060.29	3495
2058.65	3508
2057.02	3537
2055.38	3488
2053.74	3547
2052.1	3588
2050.46	3620
2048.82	3663
2047.18	3576
2045.54	3542
2043.9	3626
2042.26	3590
2040.61	3628
2038.97	3628
2037.33	3649
2035.68	3643
2034.04	3607
2032.39	3626
2030.74	3666
2029.1	3655
2027.45	3658
2025.8	3706
2024.15	3661
2022.5	3679
2020.85	3732
2019.2	3659
2017.55	3731
2015.89	3709
2014.24	3716
2012.59	3748
2010.93	3800
2009.28	3754
2007.62	3805
2005.97	3770
2004.31	3794
2002.65	3822
2001	3827
1999.34	3823
1997.68	3863
1996.02	3899
1994.36	3869
1992.7	3880
1991.04	3880
1989.38	3932
1987.71	3906
1986.05	3929
1984.39	3954
1982.72	3942
1981.06	3992
1979.39	3949
1977.72	3991
1976.06	4027
1974.39	4013
1972.72	3954
1971.05	4033
1969.38	4046
1967.71	4040
1966.04	4127
1964.37	4113
1962.7	4105
1961.03	4197
1959.35	4132
1957.68	4158
1956	4179
1954.33	4171
1952.65	4181
1950.98	4210
1949.3	4189
1947.62	4250
1945.94	4256
1944.27	4225
1942.59	4239
1940.91	4225
1939.23	4231
1937.54	4288
1935.86	4297
1934.18	4274
1932.5	4323
1930.81	4342
1929.13	4366
1927.44	4299
1925.76	4357
1924.07	4342
1922.39	4397
1920.7	4363
1919.01	4382
1917.32	4347
1915.63	4367
1913.94	4357
1912.25	4390
1910.56	4379
1908.87	4394
1907.17	4368
1905.48	4469
1903.79	4409
1902.09	4426
1900.4	4483
1898.7	4512
1897.01	4513
1895.31	4539
1893.61	4511
1891.91	4592
1890.21	4504
1888.51	4607
1886.81	4600
1885.11	4586
1883.41	4642
1881.71	4660
1880.01	4742
1878.3	4656
1876.6	4599
1874.9	4729
1873.19	4736
1871.48	4747
1869.78	4810
1868.07	4730
1866.36	4703
1864.65	4806
1862.95	4782
1861.24	4801
1859.53	4823
1857.81	4760
1856.1	4839
1854.39	4885
1852.68	4903
1850.96	4972
1849.25	4840
1847.54	4874
1845.82	4921
1844.1	4944
1842.39	4860
1840.67	4986
1838.95	5015
1837.23	4963
1835.51	5008
1833.79	5024
1832.07	4987
1830.35	5070
1828.63	5140
1826.91	4996
1825.18	5132
1823.46	5110
1821.74	5141
1820.01	5122
1818.29	5238
1816.56	5158
1814.83	5195
1813.1	5235
1811.38	5253
1809.65	5261
1807.92	5317
1806.19	5328
1804.46	5290
1802.73	5303
1800.99	5335
1799.26	5315
1797.53	5362
1795.79	5371
1794.06	5344
1792.32	5350
1790.59	5400
1788.85	5451
1787.11	5430
1785.37	5442
1783.64	5401
1781.9	5490
1780.16	5500
1778.42	5531
1776.67	5569
1774.93	5565
1773.19	5555
1771.45	5554
1769.7	5630
1767.96	5581
1766.21	5627
1764.47	5622
1762.72	5659
1760.97	5685
1759.23	5685
1757.48	5808
1755.73	5835
1753.98	5812
1752.23	5771
1750.48	5835
1748.73	5856
1746.97	5838
1745.22	5938
1743.47	5932
1741.71	5978
1739.96	5902
1738.2	5947
1736.44	5997
1734.69	6016
1732.93	6063
1731.17	6059
1729.41	6066
1727.65	6121
1725.89	6168
1724.13	6182
1722.37	6246
1720.61	6235
1718.85	6215
1717.08	6318
1715.32	6297
1713.55	6343
1711.79	6448
1710.02	6376
1708.25	6441
1706.49	6417
1704.72	6528
1702.95	6516
1701.18	6564
1699.41	6567
1697.64	6679
1695.87	6778
1694.09	6796
1692.32	6702
1690.55	6870
1688.77	6818
1687	6979
1685.22	7020
1683.45	6947
1681.67	7035
1679.89	7073
1678.11	7100
1676.34	7126
1674.56	7140
1672.78	7238
1671	7241
1669.21	7302
1667.43	7357
1665.65	7400
1663.86	7417
1662.08	7337
1660.3	7495
1658.51	7511
1656.72	7490
1654.94	7595
1653.15	7533
1651.36	7660
1649.57	7658
1647.78	7605
1645.99	7562
1644.2	7573
1642.41	7512
1640.62	7541
1638.82	7551
1637.03	7557
1635.24	7489
1633.44	7498
1631.65	7575
1629.85	7490
1628.05	7467
1626.25	7489
1624.46	7515
1622.66	7484
1620.86	7411
1619.06	7410
1617.26	7399
1615.45	7404
1613.65	7374
1611.85	7486
1610.04	7357
1608.24	7480
1606.43	7446
1604.63	7471
1602.82	7425
1601.02	7459
1599.21	7498
1597.4	7489
1595.59	7520
1593.78	7509
1591.97	7502
1590.16	7443
1588.35	7437
1586.53	7510
1584.72	7477
1582.91	7463
1581.09	7514
1579.28	7561
1577.46	7435
1575.64	7535
1573.82	7508
1572.01	7557
1570.19	7569
1568.37	7574
1566.55	7584
1564.73	7530
1562.91	7569
1561.08	7633
1559.26	7609
1557.44	7556
1555.61	7687
1553.79	7671
1551.96	7535
1550.14	7575
1548.31	7580
1546.48	7608
1544.65	7558
1542.82	7610
1540.99	7664
1539.16	7564
1537.33	7672
1535.5	7589
1533.67	7521
1531.83	7594
1530	7594
1528.16	7678
1526.33	7521
1524.49	7523
1522.66	7595
1520.82	7493
1518.98	7527
1517.14	7485
1515.3	7586
1513.46	7602
1511.62	7559
1509.78	7532
1507.94	7539
1506.09	7583
1504.25	7561
1502.41	7566
1500.56	7688
1498.71	7646
1496.87	7630
1495.02	7645
1493.17	7589
1491.32	7726
1489.47	7679
1487.63	7823
1485.77	7751
1483.92	7729
1482.07	7837
1480.22	7872
1478.36	7812
1476.51	7898
1474.66	7979
1472.8	8025
1470.94	8054
1469.09	8118
1467.23	8093
1465.37	8248
1463.51	8345
1461.65	8325
1459.79	8367
1457.93	8415
1456.07	8336
1454.2	8473
1452.34	8383
1450.48	8436
1448.61	8374
1446.75	8310
1444.88	8429
1443.01	8314
1441.14	8366
1439.28	8259
1437.41	8309
1435.54	8251
1433.67	8219
1431.8	8253
1429.92	8232
1428.05	8209
1426.18	8228
1424.3	8178
1422.43	8187
1420.55	8064
1418.68	8123
1416.8	8134
1414.92	8185
1413.04	8074
1411.17	8072
1409.29	8052
1407.41	8067
1405.52	8057
1403.64	8069
1401.76	8048
1399.88	7944
1397.99	7982
1396.11	8027
1394.22	7921
1392.34	7916
1390.45	7940
1388.56	7851
1386.67	7962
1384.78	7909
1382.89	7902
1381	7850
1379.11	7972
1377.22	7865
1375.33	7969
1373.43	7941
1371.54	7865
1369.65	7982
1367.75	7981
1365.85	7977
1363.96	8037
1362.06	8113
1360.16	8111
1358.26	8069
1356.36	8143
1354.46	8283
1352.56	8241
1350.66	8258
1348.75	8279
1346.85	8278
1344.95	8362
1343.04	8349
1341.14	8381
1339.23	8424
1337.32	8365
1335.42	8423
1333.51	8447
1331.6	8309
1329.69	8476
1327.78	8443
1325.86	8432
1323.95	8388
1322.04	8463
1320.13	8524
1318.21	8590
1316.3	8572
1314.38	8466
1312.46	8608
1310.55	8652
1308.63	8685
1306.71	8632
1304.79	8619
1302.87	8684
1300.95	8646
1299.03	8751
1297.1	8806
1295.18	8904
1293.26	8774
1291.33	8839
1289.41	8836
1287.48	8923
1285.55	8836
1283.63	8861
1281.7	8956
1279.77	8844
1277.84	8876
1275.91	8982
1273.98	9051
1272.05	9038
1270.11	9022
1268.18	8932
1266.24	8915
1264.31	8956
1262.37	8899
1260.44	8829
1258.5	8862
1256.56	8956
1254.62	8858
1252.68	8906
1250.74	8933
1248.8	8905
1246.86	8780
1244.92	8973
1242.98	8831
1241.03	8829
1239.09	8831
1237.14	8752
1235.2	8729
1233.25	8718
1231.3	8651
1229.35	8582
1227.4	8508
1225.45	8503
1223.5	8465
1221.55	8354
1219.6	8355
1217.65	8342
1215.69	8290
1213.74	8231
1211.78	8135
1209.83	8200
1207.87	8117
1205.91	8015
1203.96	8042
1202	7988
1200.04	7970
1198.08	7937
1196.12	7926
1194.15	7883
1192.19	7704
1190.23	7817
1188.26	7871
1186.3	7823
1184.33	7838
1182.37	7832
1180.4	7863
1178.43	7830
1176.46	7768
1174.49	7783
1172.52	7776
1170.55	7716
1168.58	7685
1166.61	7706
1164.64	7746
1162.66	7672
1160.69	7662
1158.71	7685
1156.73	7685
1154.76	7647
1152.78	7622
1150.8	7753
1148.82	7737
1146.84	7695
1144.86	7720
1142.88	7775
1140.9	7763
1138.91	7779
1136.93	7808
1134.95	7816
1132.96	7764
1130.97	7812
1128.99	7834
1127	7848
1125.01	8002
1123.02	7866
1121.03	7930
1119.04	7885
1117.05	7916
1115.06	7907
1113.07	7973
1111.07	7945
1109.08	7979
1107.08	7972
1105.09	8078
1103.09	8041
1101.09	8065
1099.09	8130
1097.09	8084
1095.09	8087
1093.09	8031
1091.09	8139
1089.09	8075
1087.09	8088
1085.08	8146
1083.08	8116
1081.07	8134
1079.07	8104
1077.06	8118
1075.05	8103
1073.04	8154
1071.03	8101
1069.02	8100
1067.01	8241
1065	8152
1062.99	8245
1060.98	8135
1058.96	8174
1056.95	8161
1054.93	8136
1052.92	8153
1050.9	8186
1048.88	8197
1046.86	8171
1044.84	8196
1042.82	8211
1040.8	8165
1038.78	8203
1036.76	8138
1034.74	8198
1032.71	8194
1030.69	8229
1028.66	8210
1026.64	8115
1024.61	8195
1022.58	8183
1020.55	8149
1018.52	8141
1016.49	8222
1014.46	8266
1012.43	8172
1010.4	8283
1008.36	8271
1006.33	8227
1004.29	8397
1002.26	8314
1000.22	8258
998.184	8334
996.146	8314
994.108	8251
992.068	8377
990.028	8247
987.986	8465
985.944	8379
983.901	8376
981.858	8417
979.813	8530
977.768	8621
975.722	8546
973.675	8638
971.627	8749
969.579	8683
967.53	8681
965.48	8781
963.429	8805
961.377	8747
959.325	8918
957.273	8741
955.218	8913
953.163	8963
951.108	8904
949.051	8865
946.994	8943
944.936	8973
942.878	8930
940.818	8986
938.758	9079
936.697	9004
934.634	9037
932.572	9037
930.509	8955
928.444	8864
926.379	8936
924.313	8909
922.246	8967
920.179	9040
918.111	8998
916.041	8966
913.972	9003
911.901	8936
909.829	8898
907.757	8913
905.684	8865
903.61	8976
901.535	8864
899.46	9001
897.383	8939
895.306	8897
893.228	8894
891.149	8946
889.069	9011
886.989	8950
884.908	8943
882.826	8953
880.743	8961
878.659	8970
876.575	9011
874.49	9084
872.403	9107
870.317	9165
868.229	9127
866.141	9134
864.051	9292
861.961	9258
859.87	9345
857.779	9274
855.685	9321
853.592	9268
851.498	9291
849.403	9237
847.307	9247
845.211	9293
843.113	9274
841.015	9396
838.916	9353
836.816	9298
834.715	9359
832.613	9401
830.511	9430
828.408	9325
826.304	9317
824.199	9270
822.093	9359
819.987	9213
817.879	9241
815.771	9189
813.663	9163
811.553	9190
809.442	9207
807.331	9157
805.218	9089
803.105	9028
800.992	9187
798.877	9142
796.761	9151
794.645	9059
792.527	9176
790.41	9080
788.291	9035
786.171	9052
784.051	9140
781.929	9110
779.807	9060
777.684	9080
775.56	9142
773.436	9136
771.31	9267
769.184	9266
767.057	9354
764.929	9271
762.8	9398
760.67	9338
758.54	9419
756.409	9459
754.277	9470
752.143	9511
750.01	9495
747.875	9548
745.74	9502
743.603	9615
741.466	9556
739.328	9616
737.189	9568
735.049	9645
732.909	9656
730.768	9652
728.626	9680
726.483	9692
724.339	9731
722.194	9624
720.049	9698
717.903	9600
715.755	9724
713.607	9744
711.458	9612
709.308	9625
707.158	9688
705.007	9556
702.855	9592
700.701	9526
698.548	9549
696.393	9488
694.237	9532
692.081	9498
689.923	9523
687.765	9493
685.606	9456
683.446	9512
681.286	9437
679.124	9428
676.962	9427
674.798	9496
672.635	9402
670.469	9451
668.304	9460
666.137	9430
663.969	9444
661.801	9521
659.632	9548
657.462	9580
655.291	9533
653.119	9654
650.947	9613
648.773	9628
646.599	9774
644.424	9635
642.248	9739
640.071	9817
637.893	9838
635.714	9879
633.535	9920
631.354	9832
629.173	9835
626.992	9849
624.809	9922
622.625	9964
620.44	9968
618.255	9984
616.069	9879
613.882	9925
611.694	9890
609.505	9940
607.315	9848
605.124	9954
602.933	9929
600.741	9865
598.548	9844
596.354	9894
594.158	9911
591.963	9871
589.766	9817
587.569	9928
585.37	9957
583.171	9930
580.971	9836
578.769	9873
576.569	9802
574.365	9883
572.161	9909
569.957	9962
567.752	9879
565.545	9933
563.339	9898
561.13	9859
558.922	9837
556.712	9888
554.502	9905
552.291	9929
550.078	10014
547.865	9983
545.651	9934
543.436	9967
541.22	10095
539.004	10107
536.787	10174
534.568	10119
532.349	10208
530.128	10212
527.907	10180
525.686	10311
523.463	10268
521.239	10232
519.015	10348
516.789	10300
514.563	10336
512.335	10380
510.107	10336
507.879	10314
505.648	10370
503.418	10356
501.186	10318
498.954	10246
496.721	10239
494.486	10309
492.251	10284
490.015	10273
487.778	10237
485.541	10164
483.302	10235
481.063	10154
478.822	10179
476.581	10211
474.338	10192
472.096	10276
469.851	10199
467.607	10224
465.361	10320
463.114	10384
460.867	10304
458.618	10210
456.369	10282
454.119	10304
451.868	10400
449.616	10472
447.363	10427
445.11	10427
442.854	10446
440.599	10510
438.343	10456
436.085	10508
433.827	10562
431.568	10751
429.308	10647
427.047	10780
424.786	10826
422.522	10859
420.259	10816
417.994	10864
415.729	10904
413.463	10879
411.196	10852
408.927	10810
406.658	10822
404.389	10892
402.118	10886
399.846	10866
397.573	10939
395.3	10911
393.025	10846
390.75	11065
388.474	10915
386.196	10874
383.919	10872
381.64	10927
379.36	10923
377.08	11030
374.798	11009
372.515	11024
370.231	10960
367.947	10986
365.662	11095
363.376	11099
361.089	11188
358.801	11066
356.511	11081
354.222	11204
351.931	11180
349.639	11136
347.347	11215
345.053	11253
342.759	11284
340.463	11378
338.167	11372
335.871	11272
333.572	11333
331.273	11376
328.974	11393
326.673	11462
324.371	11450
322.068	11603
319.765	11526
317.46	11663
315.154	11639
312.849	11691
310.541	11870
308.233	11817
305.924	11814
303.614	11940
301.303	11958
298.992	12041
296.679	12003
294.365	12101
292.051	12180
289.734	12137
287.418	12293
285.101	12264
282.783	12387
280.463	12484
278.144	12469
275.822	12543
273.5	12578
271.178	12806
268.853	12772
266.529	12837
264.203	12824
261.876	12937
259.548	13065
257.22	13138
254.891	13221
252.561	13322
250.229	13423
247.897	13415
245.564	13651
243.23	13619
240.895	13845
238.559	13930
236.222	14004
233.884	14212
231.545	14418
229.206	14377
226.865	14681
224.524	14640
222.181	14802
219.838	15059
217.493	15155
215.148	15411
212.802	15534
210.455	15817
208.106	16028
205.758	16126
203.407	16388
201.056	16531
198.705	16909
196.351	17062
193.997	17057
191.643	17268
189.288	17646
186.931	17797
184.574	17903
182.214	18241
179.855	18544
177.495	18593
175.134	18669
172.771	19026
170.408	19231
168.044	19598
165.679	19687
163.312	19833
160.946	20329
158.578	20482
156.208	20623
153.838	20608
151.468	20805
149.097	21107
146.724	21575
144.349	21690
141.975	21818
139.599	22041
137.223	22320
134.846	22548
132.467	23167
130.088	23403
127.707	23889
125.326	24218
122.944	24540
120.56	25202
118.177	26050
115.791	26471
113.405	26849
111.018	27478
108.63	28367
106.241	29133
103.851	29918
101.46	30813
99.0686	32155
96.675	33296
94.2815	34383
91.8872	36291
89.4909	37533
87.0947	39510
84.6966	40982
82.2976	43330
79.8987	45850
77.4979	48403
75.0962	51861
72.6935	56345
70.29	61591
67.8855	64524
65.4801	64524
63.0739	64524
60.6667	64524
58.2586	64524
55.8495	64524
53.4386	64524
51.0278	64524
48.616	64524
46.2023	64524
43.7887	64524
41.3732	64524
38.9568	64524
36.5404	64524
34.1222	64524
31.703	64524
29.2829	64524
26.8618	64524
24.4399	64524
22.017	64524
19.5932	64524
17.1685	64524
14.7429	64524
12.3153	64524
9.88782	64524
7.4594	64524
5.02907	64524
2.5988	64524
0.166609	64524
-2.26552	64524
-4.69956	64524
-7.13454	64524
-9.57045	64524
-12.0063	64524
-14.4441	64524
-16.8828	64524
-19.3224	64524
-21.763	64524
-24.2045	64524
-26.6479	64524
-29.0913	64524
-31.5356	64524
-33.9808	64524
-36.428	64524
-38.8751	64524
-41.3241	64524
-43.7731	64524
-46.224	64524
-48.6749	64524
-51.1277	64524
-53.5814	64524
-56.0361	64524
-58.4907	64524
-60.9473	64524
-63.4048	64524
-65.8633	64094
-68.3227	56368
-70.783	50133
-73.2453	44375
-75.7075	39623
-78.1707	35497
-80.6348	31762
-83.1009	28533
-85.5669	25978
-88.0349	23390
-90.5028	21201
-92.9727	19241
-95.4425	17485
-97.9143	15721
-100.387	14147
-102.861	12743
-105.334	11611
-107.81	10437
-110.286	9661
-112.764	9066
-115.242	8486
-117.722	7894
-120.203	7211
-122.684	6501
-125.167	5835
-127.65	5225
-130.135	4655
-132.62	4280
-135.106	4029
-137.594	3814
-140.082	3591
-142.572	3336
-145.063	2976
-147.554	2695
-150.047	2407
-152.541	2208
-155.036	2062
-157.532	1966
-160.028	1842
-162.526	1734
-165.025	1562
-167.525	1457
-170.025	1399
-172.527	1363
-175.029	1265
-177.534	1227
-180.038	1165
-182.544	1102
-185.051	1038
-187.559	1027
-190.068	960
-192.577	957
-195.089	987
-197.6	933
-200.113	906
-202.628	888
-205.143	879
-207.659	868
-210.176	825
-212.694	829
-215.213	862
-217.734	828
-220.255	776
-222.777	795
-225.3	773
-227.824	741
-230.349	760
-232.876	696
-235.403	710
-237.932	687
-240.461	669
-242.992	674
-245.523	658
-248.056	651
-250.589	672
-253.124	609
-255.66	643
-258.197	639
-260.734	590
-263.273	638
-265.813	617
-268.354	582
-270.896	582
-273.439	581
-275.982	573
-278.527	513
-281.074	533
-283.621	517
-286.169	527
-288.718	489
-291.269	499
-293.82	499
-296.372	493
-298.925	464
-301.48	477
-304.035	466
-306.592	450
-309.15	467
-311.708	448
-314.268	467
-316.828	431
-319.39	413
-321.953	426
-324.517	428
-327.082	420
-329.648	400
-332.215	423
-334.783	407
-337.352	432
-339.922	388
-342.493	394
-345.066	388
-347.639	398
-350.213	384
-352.789	384
-355.365	367
-357.943	370
-360.521	359
-363.101	358
-365.681	354
-368.263	350
-370.847	341
-373.431	348
-376.015	349
-378.601	333
-381.188	323
-383.777	313
-386.366	322
-388.956	315
-391.548	299
-394.14	316
-396.733	323
-399.328	313
-401.923	300
-404.521	302
-407.118	314
-409.717	288
-412.317	297
-414.918	302
-417.52	311
-420.123	305
-422.727	280
-425.332	293
-427.939	271
-430.546	286
-433.155	267
-435.764	280
-438.374	263
-440.986	260
-443.599	279
-446.213	248
-448.828	266
-451.444	250
-454.061	268
-456.68	242
-459.299	256
-461.919	253
-464.54	251
-467.163	244
-469.786	247
-472.411	244
-475.037	259
-477.663	240
-480.292	262
-482.92	242
-485.551	246
-488.182	230
-490.814	238
-493.447	243
-496.082	241
-498.717	251
-501.354	243
-503.992	247
-506.63	234
-509.27	229
-511.911	236
-514.553	236
-517.197	230
-519.841	237
-522.486	221
-525.133	236
-527.78	230
-530.429	219
-533.078	231
-535.729	231
-538.381	214
-541.034	225
-543.688	222
-546.343	228
-548.999	208
-551.657	229
-554.316	231
-556.975	233
-559.636	228
-562.297	222
-564.961	213
-567.625	238
-570.29	219
-572.956	250
-575.623	215
-578.292	217
-580.961	225
-583.632	222
-586.303	215
-588.976	230
-591.65	231
-594.326	249
-597.002	233
-599.679	222
-602.358	225
-605.037	222
-607.718	229
-610.399	243
-613.082	235
-615.767	229
-618.452	221
-621.138	233
-623.825	240
-626.514	230
-629.203	241
-631.893	239
-634.586	233
-637.278	230
-639.973	231
-642.667	237
-645.364	246
-648.061	235
-650.76	237
-653.46	234
-656.16	239
-658.862	245
-661.566	228
-664.269	243
-666.974	235
-669.681	250
-672.389	245
-675.097	224
-677.807	258
-680.518	218
-683.23	237
-685.943	251
-688.658	244
-691.373	251
-694.089	247
-696.807	235
-699.526	240
-702.245	236
-704.966	244
-707.689	244
-710.412	228
-713.136	228
-715.863	228
-718.589	232
-721.317	234
-724.046	212
-726.776	242
-729.508	218
-732.24	242
-734.974	227
-737.709	224
-740.444	231
-743.182	237
-745.919	221
-748.659	246
-751.399	234
-754.141	240
-756.883	247
-759.627	247
-762.372	243
-765.119	251
-767.866	236
-770.615	228
-773.365	256
-776.115	228
-778.867	236
-781.62	246
-784.375	232
-787.13	238
-789.886	268
-792.644	230
-795.402	237
-798.162	238
-800.924	241
-803.686	234
-806.449	261
-809.215	229
-811.98	251
-814.747	241
-817.516	233
-820.284	245
-823.054	235
-825.827	252
-828.599	227
-831.373	251
-834.149	243
-836.924	236
-839.702	232
-842.48	218
-845.26	256
-848.042	246
-850.823	242
-853.606	238
-856.391	231
-859.177	230
-861.963	227
-864.751	251
-867.54	239
-870.331	220
-873.122	221
-875.915	220
-878.709	220
-881.504	238
-884.3	222
-887.097	241
-889.895	246
-892.695	224
-895.496	223
-898.298	251
-901.101	243
-903.905	249
-906.711	220
-909.518	238
-912.325	248
-915.134	234
-917.945	237
-920.756	224
-923.569	241
-926.383	224
-929.198	229
-932.013	235
-934.831	250
-937.649	231
-940.47	248
-943.29	243
-946.113	226
-948.936	257
-951.761	232
-954.586	246
-957.413	250
-960.242	241
-963.07	247
-965.901	262
-968.733	251
-971.565	261
-974.399	249
-977.235	246
-980.072	255
-982.908	268
-985.747	247
-988.588	273
-991.429	265
-994.271	246
-997.115	254
-999.96	250
-1002.81	255
-1005.65	261
-1008.5	269
-1011.35	273
-1014.2	275
-1017.05	260
-1019.91	263
-1022.76	281
-1025.62	265
-1028.47	268
-1031.33	254
-1034.19	254
-1037.05	271
-1039.91	269
-1042.78	270
-1045.64	273
-1048.51	281
-1051.37	266
-1054.24	277
-1057.11	281
-1059.98	299
-1062.85	275
-1065.72	293
-1068.6	275
-1071.47	283
-1074.35	286
-1077.23	298
-1080.11	293
-1082.99	286
-1085.87	282
-1088.75	313
-1091.63	291
-1094.52	335
-1097.4	291
-1100.29	291
-1103.18	299
-1106.07	308
-1108.96	310
-1111.85	332
-1114.75	320
-1117.64	316
-1120.54	324
-1123.43	337
-1126.33	322
-1129.23	348
-1132.13	320
-1135.03	328
-1137.94	319
-1140.84	349
-1143.75	342
-1146.65	340
-1149.56	348
-1152.47	356
-1155.38	385
-1158.3	381
-1161.21	402
-1164.12	408
-1167.04	424
-1169.96	439
-1172.87	457
-1175.79	499
-1178.71	560
-1181.64	630
-1184.56	708
-1187.48	869
-1190.41	1002
-1193.33	1100
-1196.26	1217
-1199.19	1338
-1202.12	1579
-1205.06	1737
-1207.99	1966
-1210.92	2195
-1213.86	2397
-1216.8	2594
-1219.73	2841
-1222.67	3041
-1225.61	3326
-1228.55	3573
-1231.5	3873
-1234.44	4373
-1237.39	4873
-1240.33	5511
-1243.28	6631
-1246.23	8835
-1249.18	11083
-1252.14	12869
-1255.09	14224
-1258.04	14728
-1261	15024
-1263.96	15496
-1266.91	14543
-1269.87	12964
-1272.83	11904
-1275.8	10520
-1278.76	7800
-1281.72	5256
-1284.69	3310
-1287.66	2036
-1290.62	1480
-1293.59	1200
-1296.57	1112
-1299.54	859
-1302.51	732
-1305.49	706
-1308.46	690
-1311.44	642
-1314.42	620
-1317.4	610
-1320.38	575
-1323.36	551
-1326.34	533
-1329.33	544
-1332.32	519
-1335.3	556
-1338.29	544
-1341.28	539
-1344.27	544
-1347.27	528
-1350.26	534
-1353.26	532
-1356.25	512
-1359.25	490
-1362.25	480
-1365.25	459
-1368.25	468
-1371.25	426
-1374.26	441
-1377.26	410
-1380.27	386
-1383.28	376
-1386.29	345
-1389.3	303
-1392.31	295
