2745.96	877
2744.58	854
2743.19	848
2741.81	853
2740.42	873
2739.03	839
2737.64	877
2736.25	886
2734.86	885
2733.47	921
2732.08	938
2730.69	943
2729.3	931
2727.91	909
2726.51	907
2725.12	965
2723.73	928
2722.33	930
2720.94	943
2719.54	916
2718.15	967
2716.75	910
2715.35	929
2713.96	972
2712.56	942
2711.16	936
2709.76	947
2708.36	951
2706.96	960
2705.56	991
2704.16	998
2702.76	952
2701.36	980
2699.96	970
2698.56	994
2697.15	991
2695.75	1000
2694.34	1002
2692.94	989
2691.53	1021
2690.13	1018
2688.72	1036
2687.31	1005
2685.91	1081
2684.5	1057
2683.09	1023
2681.68	1028
2680.27	1089
2678.86	1063
2677.45	1049
2676.04	1068
2674.63	1040
2673.22	1053
2671.81	1060
2670.39	1079
2668.98	1060
2667.57	1038
2666.15	1079
2664.74	1074
2663.32	1044
2661.91	1062
2660.49	1093
2659.07	1108
2657.65	1121
2656.24	1112
2654.82	1091
2653.4	1113
2651.98	1114
2650.56	1129
2649.14	1148
2647.72	1140
2646.3	1161
2644.87	1141
2643.45	1131
2642.03	1164
2640.61	1168
2639.18	1163
2637.76	1181
2636.33	1182
2634.91	1188
2633.48	1190
2632.05	1182
2630.62	1197
2629.2	1215
2627.77	1232
2626.34	1207
2624.91	1217
2623.48	1235
2622.05	1212
2620.62	1238
2619.19	1238
2617.76	1209
2616.32	1230
2614.89	1260
2613.46	1229
2612.02	1279
2610.59	1265
2609.15	1217
2607.72	1252
2606.28	1253
2604.85	1250
2603.41	1231
2601.97	1255
2600.53	1252
2599.09	1269
2597.65	1285
2596.22	1274
2594.78	1282
2593.33	1306
2591.89	1295
2590.45	1311
2589.01	1315
2587.57	1301
2586.12	1341
2584.68	1336
2583.23	1342
2581.79	1324
2580.34	1353
2578.9	1341
2577.45	1344
2576	1307
2574.56	1380
2573.11	1327
2571.66	1379
2570.21	1366
2568.76	1374
2567.31	1378
2565.86	1378
2564.41	1382
2562.96	1363
2561.51	1411
2560.05	1433
2558.6	1381
2557.15	1437
2555.69	1406
2554.24	1402
2552.78	1423
2551.32	1467
2549.87	1457
2548.41	1501
2546.95	1447
2545.5	1512
2544.04	1458
2542.58	1481
2541.12	1511
2539.66	1508
2538.2	1506
2536.74	1485
2535.27	1501
2533.81	1492
2532.35	1552
2530.89	1517
2529.42	1533
2527.96	1531
2526.49	1518
2525.03	1502
2523.56	1527
2522.09	1539
2520.63	1546
2519.16	1541
2517.69	1535
2516.22	1542
2514.75	1564
2513.28	1561
2511.81	1591
2510.34	1578
2508.87	1603
2507.4	1622
2505.93	1639
2504.45	1626
2502.98	1645
2501.51	1606
2500.03	1629
2498.56	1592
2497.08	1625
2495.6	1591
2494.13	1615
2492.65	1631
2491.17	1652
2489.69	1653
2488.22	1632
2486.74	1654
2485.26	1640
2483.78	1652
2482.29	1657
2480.81	1670
2479.33	1685
2477.85	1686
2476.36	1710
2474.88	1737
2473.4	1713
2471.91	1677
2470.43	1707
2468.94	1713
2467.45	1751
2465.97	1725
2464.48	1707
2462.99	1798
2461.5	1731
2460.01	1758
2458.52	1759
2457.03	1782
2455.54	1755
2454.05	1814
2452.56	1785
2451.07	1796
2449.57	1783
2448.08	1774
2446.59	1805
2445.09	1803
2443.6	1824
2442.1	1852
2440.6	1843
2439.11	1819
2437.61	1866
2436.11	1848
2434.61	1910
2433.12	1858
2431.62	1906
2430.12	1877
2428.62	1814
2427.11	1877
2425.61	1877
2424.11	1917
2422.61	1905
2421.1	1937
2419.6	1919
2418.1	1919
2416.59	1917
2415.09	1939
2413.58	1969
2412.07	1952
2410.57	1946
2409.06	1945
2407.55	1932
2406.04	1967
2404.53	1942
2403.02	1999
2401.51	2009
2400	1992
2398.49	1994
2396.98	1987
2395.46	1996
2393.95	2035
2392.44	2048
2390.92	2027
2389.41	2028
2387.89	2064
2386.38	2090
2384.86	2042
2383.34	2056
2381.82	2124
2380.31	2054
2378.79	2117
2377.27	2109
2375.75	2036
2374.23	2132
2372.71	2109
2371.19	2139
2369.66	2115
2368.14	2122
2366.62	2106
2365.09	2165
2363.57	2118
2362.04	2176
2360.52	2153
2358.99	2191
2357.47	2187
2355.94	2163
2354.41	2196
2352.88	2193
2351.35	2186
2349.83	2180
2348.3	2182
2346.77	2224
2345.23	2193
2343.7	2189
2342.17	2226
2340.64	2189
2339.1	2208
2337.57	2207
2336.04	2267
2334.5	2211
2332.97	2277
2331.43	2238
2329.89	2260
2328.36	2254
2326.82	2288
2325.28	2265
2323.74	2279
2322.2	2314
2320.66	2311
2319.12	2278
2317.58	2341
2316.04	2340
2314.5	2327
2312.95	2358
2311.41	2345
2309.87	2375
2308.32	2318
2306.78	2396
2305.23	2389
2303.68	2373
2302.14	2426
2300.59	2367
2299.04	2418
2297.49	2405
2295.94	2403
2294.39	2415
2292.84	2418
2291.29	2453
2289.74	2421
2288.19	2470
2286.64	2466
2285.09	2469
2283.53	2439
2281.98	2531
2280.42	2465
2278.87	2507
2277.31	2461
2275.76	2456
2274.2	2500
2272.64	2533
2271.08	2478
2269.52	2519
2267.96	2510
2266.4	2522
2264.84	2547
2263.28	2495
2261.72	2552
2260.16	2505
2258.6	2531
2257.03	2578
2255.47	2590
2253.9	2600
2252.34	2591
2250.77	2568
2249.21	2613
2247.64	2577
2246.07	2604
2244.51	2608
2242.94	2630
2241.37	2597
2239.8	2587
2238.23	2656
2236.66	2694
2235.09	2675
2233.51	2651
2231.94	2704
2230.37	2708
2228.79	2717
2227.22	2710
2225.65	2706
2224.07	2780
2222.49	2738
2220.92	2743
2219.34	2727
2217.76	2757
2216.18	2770
2214.61	2773
2213.03	2762
2211.45	2756
2209.86	2817
2208.28	2723
2206.7	2805
2205.12	2831
2203.54	2790
2201.95	2799
2200.37	2792
2198.78	2839
2197.2	2882
2195.61	2831
2194.03	2850
2192.44	2870
2190.85	2870
2189.26	2909
2187.67	2904
2186.09	2897
2184.5	2871
2182.9	2955
2181.31	2953
2179.72	2910
2178.13	2939
2176.54	2974
2174.94	2888
2173.35	2957
2171.75	2965
2170.16	3014
2168.56	2985
2166.97	2938
2165.37	2979
2163.77	3029
2162.17	2997
2160.58	3003
2158.98	3081
2157.38	3032
2155.78	3049
2154.17	3003
2152.57	3038
2150.97	2995
2149.37	3106
2147.76	3111
2146.16	3096
2144.56	3045
2142.95	3124
2141.34	3115
2139.74	3134
2138.13	3126
2136.52	3107
2134.91	3094
2133.31	3140
2131.7	3195
2130.09	3153
2128.48	3104
2126.86	3203
2125.25	3220
2123.64	3212
2122.03	3169
2120.41	3222
2118.8	3206
2117.18	3198
2115.57	3230
2113.95	3161
2112.34	3269
2110.72	3235
2109.1	3239
2107.48	3267
2105.86	3271
2104.25	3243
2102.63	3282
2101	3288
2099.38	3276
2097.76	3370
2096.14	3368
2094.52	3263
2092.89	3292
2091.27	3372
2089.64	3345
2088.02	3340
2086.39	3430
2084.76	3346
2083.14	3354
2081.51	3415
2079.88	3452
2078.25	3411
2076.62	3443
2074.99	3517
2073.36	3430
2071.73	3458
2070.1	3436
2068.46	3468
2066.83	3477
2065.2	3507
2063.56	3511
2061.93	3472
2060.29	3544
2058.65	3527
2057.02	3526
2055.38	3560
2053.74	3558
2052.1	3564
2050.46	3594
2048.82	3631
2047.18	3582
2045.54	3597
2043.9	3574
2042.26	3573
2040.61	3628
2038.97	3597
2037.33	3629
2035.68	3629
2034.04	3585
2032.39	3666
2030.74	3679
2029.1	3727
2027.45	3667
2025.8	3637
2024.15	3719
2022.5	3644
2020.85	3690
2019.2	3728
2017.55	3733
2015.89	3714
2014.24	3746
2012.59	3741
2010.93	3754
2009.28	3763
2007.62	3777
2005.97	3743
2004.31	3745
2002.65	3795
2001	3828
1999.34	3793
1997.68	3828
1996.02	3915
1994.36	3830
1992.7	3878
1991.04	3941
1989.38	3890
1987.71	3860
1986.05	3883
1984.39	3927
1982.72	3971
1981.06	3957
1979.39	3980
1977.72	3934
1976.06	3984
1974.39	4024
1972.72	3993
1971.05	4040
1969.38	4049
1967.71	4114
1966.04	4142
1964.37	4091
1962.7	4132
1961.03	4203
1959.35	4111
1957.68	4131
1956	4146
1954.33	4138
1952.65	4152
1950.98	4198
1949.3	4142
1947.62	4185
1945.94	4239
1944.27	4226
1942.59	4199
1940.91	4193
1939.23	4245
1937.54	4220
1935.86	4263
1934.18	4268
1932.5	4265
1930.81	4243
1929.13	4270
1927.44	4278
1925.76	4318
1924.07	4353
1922.39	4320
1920.7	4275
1919.01	4405
1917.32	4341
1915.63	4347
1913.94	4392
1912.25	4348
1910.56	4377
1908.87	4397
1907.17	4376
1905.48	4386
1903.79	4386
1902.09	4471
1900.4	4491
1898.7	4466
1897.01	4469
1895.31	4449
1893.61	4452
1891.91	4450
1890.21	4443
1888.51	4541
1886.81	4583
1885.11	4590
1883.41	4593
1881.71	4624
1880.01	4629
1878.3	4648
1876.6	4649
1874.9	4601
1873.19	4642
1871.48	4693
1869.78	4732
1868.07	4643
1866.36	4755
1864.65	4755
1862.95	4749
1861.24	4776
1859.53	4758
1857.81	4850
1856.1	4830
1854.39	4847
1852.68	4874
1850.96	4853
1849.25	4857
1847.54	4893
1845.82	4936
1844.1	4891
1842.39	4971
1840.67	4921
1838.95	4977
1837.23	4992
1835.51	4950
1833.79	5068
1832.07	4989
1830.35	4973
1828.63	5026
1826.91	5075
1825.18	5022
1823.46	5055
1821.74	5101
1820.01	5103
1818.29	5082
1816.56	5129
1814.83	5172
1813.1	5203
1811.38	5226
1809.65	5219
1807.92	5261
1806.19	5262
1804.46	5230
1802.73	5293
1800.99	5338
1799.26	5251
1797.53	5287
1795.79	5285
1794.06	5393
1792.32	5371
1790.59	5346
1788.85	5354
1787.11	5399
1785.37	5473
1783.64	5434
1781.9	5437
1780.16	5509
1778.42	5568
1776.67	5591
1774.93	5629
1773.19	5479
1771.45	5539
1769.7	5586
1767.96	5624
1766.21	5573
1764.47	5652
1762.72	5668
1760.97	5705
1759.23	5658
1757.48	5667
1755.73	5722
1753.98	5772
1752.23	5775
1750.48	5835
1748.73	5896
1746.97	5803
1745.22	5908
1743.47	5950
1741.71	5940
1739.96	5946
1738.2	5982
1736.44	6012
1734.69	6123
1732.93	6068
1731.17	6075
1729.41	6075
1727.65	6158
1725.89	6166
1724.13	6144
1722.37	6120
1720.61	6254
1718.85	6327
1717.08	6299
1715.32	6274
1713.55	6340
1711.79	6377
1710.02	6436
1708.25	6520
1706.49	6519
1704.72	6546
1702.95	6567
1701.18	6678
1699.41	6732
1697.64	6832
1695.87	6745
1694.09	6870
1692.32	6859
1690.55	6912
1688.77	6930
1687	6993
1685.22	7051
1683.45	7134
1681.67	7172
1679.89	7195
1678.11	7215
1676.34	7304
1674.56	7319
1672.78	7426
1671	7430
1669.21	7468
1667.43	7542
1665.65	7558
1663.86	7651
1662.08	7645
1660.3	7698
1658.51	7775
1656.72	7803
1654.94	7770
1653.15	7803
1651.36	7757
1649.57	7820
1647.78	7838
1645.99	7811
1644.2	7764
1642.41	7769
1640.62	7788
1638.82	7685
1637.03	7744
1635.24	7700
1633.44	7685
1631.65	7638
1629.85	7687
1628.05	7640
1626.25	7616
1624.46	7579
1622.66	7527
1620.86	7572
1619.06	7560
1617.26	7562
1615.45	7540
1613.65	7548
1611.85	7514
1610.04	7542
1608.24	7505
1606.43	7434
1604.63	7536
1602.82	7495
1601.02	7599
1599.21	7521
1597.4	7493
1595.59	7536
1593.78	7588
1591.97	7530
1590.16	7543
1588.35	7553
1586.53	7478
1584.72	7564
1582.91	7575
1581.09	7480
1579.28	7503
1577.46	7561
1575.64	7524
1573.82	7524
1572.01	7544
1570.19	7578
1568.37	7537
1566.55	7676
1564.73	7614
1562.91	7590
1561.08	7621
1559.26	7629
1557.44	7714
1555.61	7639
1553.79	7625
1551.96	7667
1550.14	7555
1548.31	7577
1546.48	7660
1544.65	7555
1542.82	7638
1540.99	7654
1539.16	7647
1537.33	7738
1535.5	7648
1533.67	7591
1531.83	7517
1530	7594
1528.16	7573
1526.33	7568
1524.49	7508
1522.66	7583
1520.82	7553
1518.98	7523
1517.14	7560
1515.3	7606
1513.46	7632
1511.62	7533
1509.78	7556
1507.94	7580
1506.09	7683
1504.25	7624
1502.41	7695
1500.56	7626
1498.71	7616
1496.87	7664
1495.02	7694
1493.17	7640
1491.32	7627
1489.47	7734
1487.63	7802
1485.77	7797
1483.92	7734
1482.07	7946
1480.22	7913
1478.36	7899
1476.51	7967
1474.66	8023
1472.8	8115
1470.94	8173
1469.09	8234
1467.23	8364
1465.37	8410
1463.51	8424
1461.65	8435
1459.79	8457
1457.93	8484
1456.07	8547
1454.2	8568
1452.34	8596
1450.48	8579
1448.61	8564
1446.75	8550
1444.88	8470
1443.01	8508
1441.14	8548
1439.28	8528
1437.41	8481
1435.54	8417
1433.67	8358
1431.8	8276
1429.92	8454
1428.05	8301
1426.18	8239
1424.3	8407
1422.43	8398
1420.55	8271
1418.68	8311
1416.8	8296
1414.92	8240
1413.04	8217
1411.17	8156
1409.29	8180
1407.41	8120
1405.52	8170
1403.64	8181
1401.76	8152
1399.88	8106
1397.99	8174
1396.11	8125
1394.22	8089
1392.34	8050
1390.45	8061
1388.56	7995
1386.67	8023
1384.78	8063
1382.89	8065
1381	8039
1379.11	7988
1377.22	8112
1375.33	8034
1373.43	7971
1371.54	8050
1369.65	8036
1367.75	8112
1365.85	8101
1363.96	8126
1362.06	8097
1360.16	8180
1358.26	8236
1356.36	8291
1354.46	8305
1352.56	8367
1350.66	8408
1348.75	8424
1346.85	8418
1344.95	8437
1343.04	8506
1341.14	8542
1339.23	8460
1337.32	8475
1335.42	8605
1333.51	8593
1331.6	8555
1329.69	8526
1327.78	8574
1325.86	8667
1323.95	8663
1322.04	8710
1320.13	8677
1318.21	8673
1316.3	8678
1314.38	8690
1312.46	8805
1310.55	8771
1308.63	8807
1306.71	8877
1304.79	8877
1302.87	8889
1300.95	8862
1299.03	8804
1297.1	8933
1295.18	9025
1293.26	8935
1291.33	8933
1289.41	8956
1287.48	8975
1285.55	9119
1283.63	9152
1281.7	9005
1279.77	9120
1277.84	9110
1275.91	9070
1273.98	9128
1272.05	9087
1270.11	9184
1268.18	9109
1266.24	9105
1264.31	9160
1262.37	9034
1260.44	9038
1258.5	9127
1256.56	9073
1254.62	9028
1252.68	9063
1250.74	8991
1248.8	9024
1246.86	9017
1244.92	8988
1242.98	8870
1241.03	9008
1239.09	8914
1237.14	8835
1235.2	8818
1233.25	8711
1231.3	8724
1229.35	8617
1227.4	8566
1225.45	8561
1223.5	8582
1221.55	8488
1219.6	8387
1217.65	8339
1215.69	8343
1213.74	8323
1211.78	8274
1209.83	8224
1207.87	8198
1205.91	8112
1203.96	8042
1202	8035
1200.04	8014
1198.08	8001
1196.12	7986
1194.15	7941
1192.19	7830
1190.23	7889
1188.26	7855
1186.3	7871
1184.33	7865
1182.37	7813
1180.4	7819
1178.43	7750
1176.46	7786
1174.49	7705
1172.52	7811
1170.55	7772
1168.58	7765
1166.61	7639
1164.64	7701
1162.66	7682
1160.69	7742
1158.71	7593
1156.73	7710
1154.76	7731
1152.78	7689
1150.8	7731
1148.82	7767
1146.84	7663
1144.86	7758
1142.88	7805
1140.9	7792
1138.91	7782
1136.93	7796
1134.95	7931
1132.96	7779
1130.97	7774
1128.99	7889
1127	7818
1125.01	7872
1123.02	7944
1121.03	7853
1119.04	7823
1117.05	7865
1115.06	7908
1113.07	7944
1111.07	7941
1109.08	7940
1107.08	7985
1105.09	7972
1103.09	8042
1101.09	8141
1099.09	8014
1097.09	8079
1095.09	8112
1093.09	8093
1091.09	8139
1089.09	8153
1087.09	8058
1085.08	8158
1083.08	8097
1081.07	8150
1079.07	8121
1077.06	8183
1075.05	8127
1073.04	8025
1071.03	8201
1069.02	8195
1067.01	8124
1065	8176
1062.99	8209
1060.98	8221
1058.96	8162
1056.95	8168
1054.93	8142
1052.92	8105
1050.9	8181
1048.88	8187
1046.86	8180
1044.84	8189
1042.82	8187
1040.8	8109
1038.78	8116
1036.76	8100
1034.74	8227
1032.71	8198
1030.69	8237
1028.66	8136
1026.64	8154
1024.61	8160
1022.58	8153
1020.55	8113
1018.52	8110
1016.49	8241
1014.46	8198
1012.43	8241
1010.4	8211
1008.36	8171
1006.33	8209
1004.29	8377
1002.26	8297
1000.22	8296
998.184	8288
996.146	8325
994.108	8221
992.068	8391
990.028	8310
987.986	8378
985.944	8369
983.901	8459
981.858	8440
979.813	8537
977.768	8537
975.722	8527
973.675	8558
971.627	8672
969.579	8631
967.53	8631
965.48	8694
963.429	8705
961.377	8728
959.325	8862
957.273	8786
955.218	8821
953.163	8837
951.108	8808
949.051	8929
946.994	8919
944.936	8871
942.878	8871
940.818	8962
938.758	9001
936.697	8966
934.634	8904
932.572	8934
930.509	8939
928.444	8943
926.379	8925
924.313	8944
922.246	8925
920.179	8942
918.111	8830
916.041	8839
913.972	8928
911.901	8915
909.829	8885
907.757	8895
905.684	8942
903.61	9000
901.535	8906
899.46	8931
897.383	8834
895.306	8865
893.228	8902
891.149	8825
889.069	8910
886.989	8935
884.908	8833
882.826	8947
880.743	8943
878.659	8995
876.575	8926
874.49	8943
872.403	9098
870.317	9018
868.229	9038
866.141	9129
864.051	9134
861.961	9163
859.87	9189
857.779	9217
855.685	9273
853.592	9257
851.498	9218
849.403	9247
847.307	9153
845.211	9319
843.113	9055
841.015	9201
838.916	9188
836.816	9313
834.715	9340
832.613	9282
830.511	9265
828.408	9164
826.304	9177
824.199	9144
822.093	9073
819.987	9199
817.879	9056
815.771	9021
813.663	8976
811.553	9035
809.442	8946
807.331	8916
805.218	8899
803.105	8906
800.992	8900
798.877	8933
796.761	8964
794.645	8864
792.527	8895
790.41	8874
788.291	8909
786.171	8886
784.051	8904
781.929	8888
779.807	8903
777.684	8921
775.56	9045
773.436	8994
771.31	9000
769.184	9064
767.057	9023
764.929	9087
762.8	9115
760.67	9104
758.54	9164
756.409	9172
754.277	9236
752.143	9230
750.01	9274
747.875	9332
745.74	9342
743.603	9330
741.466	9357
739.328	9377
737.189	9374
735.049	9441
732.909	9485
730.768	9385
728.626	9521
726.483	9453
724.339	9393
722.194	9433
720.049	9401
717.903	9363
715.755	9379
713.607	9439
711.458	9267
709.308	9311
707.158	9280
705.007	9226
702.855	9342
700.701	9300
698.548	9224
696.393	9236
694.237	9165
692.081	9159
689.923	9184
687.765	9140
685.606	9164
683.446	9151
681.286	9140
679.124	9168
676.962	9008
674.798	9128
672.635	9096
670.469	9154
668.304	9158
666.137	9194
663.969	9152
661.801	9172
659.632	9175
657.462	9273
655.291	9365
653.119	9352
650.947	9386
648.773	9322
646.599	9385
644.424	9411
642.248	9424
640.071	9429
637.893	9543
635.714	9523
633.535	9520
631.354	9464
629.173	9563
626.992	9508
624.809	9548
622.625	9614
620.44	9650
618.255	9550
616.069	9622
613.882	9566
611.694	9613
609.505	9493
607.315	9549
605.124	9539
602.933	9663
600.741	9535
598.548	9573
596.354	9553
594.158	9498
591.963	9488
589.766	9628
587.569	9591
585.37	9501
583.171	9595
580.971	9544
578.769	9472
576.569	9532
574.365	9533
572.161	9634
569.957	9534
567.752	9572
565.545	9576
563.339	9563
561.13	9627
558.922	9583
556.712	9518
554.502	9682
552.291	9634
550.078	9662
547.865	9698
545.651	9669
543.436	9793
541.22	9749
539.004	9749
536.787	9769
534.568	9891
532.349	9875
530.128	9949
527.907	9971
525.686	9889
523.463	9938
521.239	9962
519.015	9961
516.789	10078
514.563	9965
512.335	9999
510.107	10059
507.879	10005
505.648	10017
503.418	9913
501.186	9936
498.954	9852
496.721	9907
494.486	9835
492.251	9815
490.015	9900
487.778	9936
485.541	9858
483.302	9914
481.063	9920
478.822	9876
476.581	9886
474.338	9847
472.096	9933
469.851	9908
467.607	9920
465.361	9939
463.114	9882
460.867	9901
458.618	9916
456.369	9942
454.119	10110
451.868	9977
449.616	10105
447.363	10050
445.11	10039
442.854	10139
440.599	10087
438.343	10095
436.085	10153
433.827	10210
431.568	10332
429.308	10370
427.047	10304
424.786	10419
422.522	10453
420.259	10486
417.994	10447
415.729	10494
413.463	10498
411.196	10501
408.927	10423
406.658	10480
404.389	10567
402.118	10441
399.846	10435
397.573	10488
395.3	10414
393.025	10490
390.75	10493
388.474	10504
386.196	10538
383.919	10577
381.64	10531
379.36	10543
377.08	10670
374.798	10663
372.515	10587
370.231	10582
367.947	10692
365.662	10695
363.376	10660
361.089	10746
358.801	10625
356.511	10818
354.222	10850
351.931	10794
349.639	10855
347.347	10831
345.053	10899
342.759	10989
340.463	10921
338.167	10958
335.871	10908
333.572	10920
331.273	11051
328.974	10953
326.673	11099
324.371	11192
322.068	11156
319.765	11256
317.46	11171
315.154	11316
312.849	11350
310.541	11486
308.233	11526
305.924	11602
303.614	11560
301.303	11695
298.992	11749
296.679	11753
294.365	11765
292.051	11786
289.734	11922
287.418	11977
285.101	12029
282.783	12117
280.463	12205
278.144	12197
275.822	12323
273.5	12423
271.178	12533
268.853	12515
266.529	12547
264.203	12644
261.876	12898
259.548	12873
257.22	13090
254.891	13176
252.561	13246
250.229	13241
247.897	13463
245.564	13493
243.23	13514
240.895	13807
238.559	13911
236.222	14004
233.884	14163
231.545	14335
229.206	14420
226.865	14560
224.524	14718
222.181	14906
219.838	14956
217.493	15312
215.148	15564
212.802	15737
210.455	15749
208.106	16066
205.758	16318
203.407	16606
201.056	16839
198.705	17011
196.351	17351
193.997	17507
191.643	17695
189.288	17916
186.931	18294
184.574	18422
182.214	18520
179.855	18784
177.495	18996
175.134	19259
172.771	19321
170.408	19542
168.044	19820
165.679	20418
163.312	20462
160.946	20685
158.578	20985
156.208	21410
153.838	21915
151.468	22183
149.097	22245
146.724	22325
144.349	22853
141.975	23244
139.599	23724
137.223	23703
134.846	24237
132.467	24549
130.088	24952
127.707	25374
125.326	25966
122.944	26563
120.56	27337
118.177	28078
115.791	28695
113.405	29191
111.018	29924
108.63	30433
106.241	31467
103.851	32748
101.46	33842
99.0686	35138
96.675	36507
94.2815	37758
91.8872	39006
89.4909	40789
87.0947	42501
84.6966	44658
82.2976	46653
79.8987	49281
77.4979	52059
75.0962	55395
72.6935	59603
70.29	64524
67.8855	64524
65.4801	64524
63.0739	64524
60.6667	64524
58.2586	64524
55.8495	64524
53.4386	64524
51.0278	64524
48.616	64524
46.2023	64524
43.7887	64524
41.3732	64524
38.9568	64524
36.5404	64524
34.1222	64524
31.703	64524
29.2829	64524
26.8618	64524
24.4399	64524
22.017	64524
19.5932	64524
17.1685	64524
14.7429	64524
12.3153	64524
9.88782	64524
7.4594	64524
5.02907	64524
2.5988	64524
0.166609	64524
-2.26552	64524
-4.69956	64524
-7.13454	64524
-9.57045	64524
-12.0063	64524
-14.4441	64524
-16.8828	64524
-19.3224	64524
-21.763	64524
-24.2045	64524
-26.6479	64524
-29.0913	64524
-31.5356	64524
-33.9808	64524
-36.428	64524
-38.8751	64524
-41.3241	64524
-43.7731	64524
-46.224	64524
-48.6749	64524
-51.1277	64524
-53.5814	64524
-56.0361	64524
-58.4907	64524
-60.9473	64524
-63.4048	64524
-65.8633	64524
-68.3227	60436
-70.783	53418
-73.2453	47356
-75.7075	42101
-78.1707	37523
-80.6348	33584
-83.1009	30141
-85.5669	27180
-88.0349	24373
-90.5028	21900
-92.9727	19808
-95.4425	17971
-97.9143	16126
-100.387	14827
-102.861	13364
-105.334	12278
-107.81	11210
-110.286	10269
-112.764	9506
-115.242	8668
-117.722	7953
-120.203	7365
-122.684	6771
-125.167	6231
-127.65	5606
-130.135	5149
-132.62	4661
-135.106	4380
-137.594	4088
-140.082	3787
-142.572	3421
-145.063	3149
-147.554	2860
-150.047	2542
-152.541	2322
-155.036	2123
-157.532	2011
-160.028	1884
-162.526	1801
-165.025	1693
-167.525	1540
-170.025	1466
-172.527	1412
-175.029	1339
-177.534	1247
-180.038	1202
-182.544	1127
-185.051	1066
-187.559	1066
-190.068	1022
-192.577	1001
-195.089	958
-197.6	941
-200.113	933
-202.628	907
-205.143	891
-207.659	847
-210.176	867
-212.694	817
-215.213	838
-217.734	854
-220.255	810
-222.777	832
-225.3	803
-227.824	781
-230.349	747
-232.876	721
-235.403	738
-237.932	704
-240.461	697
-242.992	696
-245.523	673
-248.056	651
-250.589	676
-253.124	659
-255.66	600
-258.197	661
-260.734	634
-263.273	666
-265.813	612
-268.354	614
-270.896	589
-273.439	609
-275.982	583
-278.527	566
-281.074	553
-283.621	571
-286.169	547
-288.718	530
-291.269	515
-293.82	495
-296.372	484
-298.925	514
-301.48	441
-304.035	478
-306.592	472
-309.15	474
-311.708	463
-314.268	453
-316.828	441
-319.39	438
-321.953	425
-324.517	416
-327.082	427
-329.648	429
-332.215	421
-334.783	419
-337.352	420
-339.922	392
-342.493	397
-345.066	383
-347.639	396
-350.213	372
-352.789	374
-355.365	345
-357.943	366
-360.521	366
-363.101	362
-365.681	371
-368.263	345
-370.847	353
-373.431	359
-376.015	349
-378.601	340
-381.188	329
-383.777	337
-386.366	320
-388.956	321
-391.548	316
-394.14	309
-396.733	325
-399.328	322
-401.923	331
-404.521	328
-407.118	313
-409.717	305
-412.317	281
-414.918	294
-417.52	288
-420.123	295
-422.727	297
-425.332	299
-427.939	283
-430.546	312
-433.155	272
-435.764	265
-438.374	254
-440.986	268
-443.599	288
-446.213	272
-448.828	273
-451.444	285
-454.061	256
-456.68	266
-459.299	246
-461.919	261
-464.54	247
-467.163	262
-469.786	253
-472.411	263
-475.037	245
-477.663	246
-480.292	251
-482.92	247
-485.551	244
-488.182	253
-490.814	243
-493.447	242
-496.082	234
-498.717	272
-501.354	233
-503.992	246
-506.63	237
-509.27	221
-511.911	236
-514.553	255
-517.197	243
-519.841	241
-522.486	241
-525.133	252
-527.78	240
-530.429	204
-533.078	251
-535.729	223
-538.381	220
-541.034	242
-543.688	234
-546.343	218
-548.999	228
-551.657	222
-554.316	231
-556.975	239
-559.636	227
-562.297	228
-564.961	217
-567.625	224
-570.29	234
-572.956	238
-575.623	226
-578.292	217
-580.961	242
-583.632	239
-586.303	221
-588.976	241
-591.65	231
-594.326	219
-597.002	220
-599.679	213
-602.358	225
-605.037	226
-607.718	210
-610.399	228
-613.082	229
-615.767	247
-618.452	221
-621.138	243
-623.825	242
-626.514	227
-629.203	238
-631.893	239
-634.586	246
-637.278	231
-639.973	244
-642.667	241
-645.364	228
-648.061	251
-650.76	220
-653.46	242
-656.16	249
-658.862	242
-661.566	230
-664.269	266
-666.974	247
-669.681	233
-672.389	239
-675.097	237
-677.807	241
-680.518	242
-683.23	241
-685.943	214
-688.658	245
-691.373	213
-694.089	237
-696.807	213
-699.526	267
-702.245	239
-704.966	227
-707.689	263
-710.412	249
-713.136	246
-715.863	226
-718.589	230
-721.317	232
-724.046	235
-726.776	245
-729.508	223
-732.24	245
-734.974	258
-737.709	236
-740.444	225
-743.182	244
-745.919	259
-748.659	243
-751.399	240
-754.141	231
-756.883	220
-759.627	242
-762.372	226
-765.119	250
-767.866	240
-770.615	234
-773.365	233
-776.115	249
-778.867	255
-781.62	234
-784.375	245
-787.13	259
-789.886	235
-792.644	262
-795.402	251
-798.162	231
-800.924	252
-803.686	258
-806.449	259
-809.215	266
-811.98	244
-814.747	244
-817.516	251
-820.284	246
-823.054	241
-825.827	250
-828.599	258
-831.373	236
-834.149	235
-836.924	233
-839.702	233
-842.48	239
-845.26	228
-848.042	244
-850.823	241
-853.606	239
-856.391	236
-859.177	224
-861.963	242
-864.751	245
-867.54	228
-870.331	242
-873.122	250
-875.915	223
-878.709	245
-881.504	242
-884.3	221
-887.097	229
-889.895	244
-892.695	249
-895.496	225
-898.298	239
-901.101	245
-903.905	248
-906.711	245
-909.518	233
-912.325	206
-915.134	247
-917.945	224
-920.756	217
-923.569	229
-926.383	229
-929.198	248
-932.013	228
-934.831	251
-937.649	251
-940.47	255
-943.29	236
-946.113	242
-948.936	252
-951.761	246
-954.586	260
-957.413	252
-960.242	243
-963.07	240
-965.901	265
-968.733	270
-971.565	264
-974.399	266
-977.235	230
-980.072	269
-982.908	247
-985.747	250
-988.588	253
-991.429	245
-994.271	265
-997.115	274
-999.96	271
-1002.81	243
-1005.65	263
-1008.5	265
-1011.35	255
-1014.2	250
-1017.05	258
-1019.91	252
-1022.76	273
-1025.62	268
-1028.47	273
-1031.33	253
-1034.19	272
-1037.05	267
-1039.91	268
-1042.78	281
-1045.64	277
-1048.51	292
-1051.37	288
-1054.24	286
-1057.11	263
-1059.98	271
-1062.85	274
-1065.72	286
-1068.6	305
-1071.47	290
-1074.35	276
-1077.23	285
-1080.11	275
-1082.99	299
-1085.87	331
-1088.75	314
-1091.63	313
-1094.52	308
-1097.4	296
-1100.29	298
-1103.18	325
-1106.07	329
-1108.96	322
-1111.85	304
-1114.75	305
-1117.64	339
-1120.54	331
-1123.43	335
-1126.33	336
-1129.23	341
-1132.13	334
-1135.03	340
-1137.94	350
-1140.84	360
-1143.75	353
-1146.65	383
-1149.56	374
-1152.47	377
-1155.38	386
-1158.3	419
-1161.21	422
-1164.12	447
-1167.04	453
-1169.96	489
-1172.87	492
-1175.79	545
-1178.71	624
-1181.64	709
-1184.56	795
-1187.48	986
-1190.41	1067
-1193.33	1194
-1196.26	1305
-1199.19	1408
-1202.12	1671
-1205.06	1830
-1207.99	2097
-1210.92	2201
-1213.86	2446
-1216.8	2688
-1219.73	2889
-1222.67	3141
-1225.61	3483
-1228.55	3709
-1231.5	3986
-1234.44	4399
-1237.39	4883
-1240.33	5504
-1243.28	6777
-1246.23	9149
-1249.18	11342
-1252.14	13478
-1255.09	15238
-1258.04	15385
-1261	15903
-1263.96	15267
-1266.91	14213
-1269.87	12911
-1272.83	11757
-1275.8	9986
-1278.76	7292
-1281.72	5313
-1284.69	3344
-1287.66	1959
-1290.62	1359
-1293.59	1188
-1296.57	1091
-1299.54	888
-1302.51	774
-1305.49	742
-1308.46	694
-1311.44	650
-1314.42	642
-1317.4	627
-1320.38	595
-1323.36	599
-1326.34	593
-1329.33	573
-1332.32	584
-1335.3	564
-1338.29	566
-1341.28	531
-1344.27	551
-1347.27	548
-1350.26	538
-1353.26	531
-1356.25	502
-1359.25	524
-1362.25	484
-1365.25	475
-1368.25	458
-1371.25	437
-1374.26	470
-1377.26	416
-1380.27	388
-1383.28	365
-1386.29	329
-1389.3	309
-1392.31	298
