2745.96	899
2744.58	905
2743.19	887
2741.81	922
2740.42	904
2739.03	918
2737.64	929
2736.25	892
2734.86	985
2733.47	968
2732.08	949
2730.69	999
2729.3	998
2727.91	975
2726.51	974
2725.12	987
2723.73	1000
2722.33	993
2720.94	996
2719.54	989
2718.15	970
2716.75	986
2715.35	981
2713.96	986
2712.56	1015
2711.16	1001
2709.76	985
2708.36	1017
2706.96	1019
2705.56	1008
2704.16	1031
2702.76	1025
2701.36	1033
2699.96	1034
2698.56	1046
2697.15	1010
2695.75	1053
2694.34	1073
2692.94	1035
2691.53	1087
2690.13	1083
2688.72	1073
2687.31	1071
2685.91	1086
2684.5	1092
2683.09	1080
2681.68	1117
2680.27	1096
2678.86	1099
2677.45	1130
2676.04	1118
2674.63	1081
2673.22	1098
2671.81	1114
2670.39	1049
2668.98	1085
2667.57	1103
2666.15	1115
2664.74	1095
2663.32	1115
2661.91	1121
2660.49	1138
2659.07	1110
2657.65	1150
2656.24	1148
2654.82	1197
2653.4	1169
2651.98	1187
2650.56	1151
2649.14	1188
2647.72	1179
2646.3	1191
2644.87	1202
2643.45	1206
2642.03	1200
2640.61	1216
2639.18	1236
2637.76	1211
2636.33	1249
2634.91	1270
2633.48	1238
2632.05	1268
2630.62	1254
2629.2	1285
2627.77	1249
2626.34	1267
2624.91	1262
2623.48	1295
2622.05	1283
2620.62	1279
2619.19	1286
2617.76	1305
2616.32	1272
2614.89	1272
2613.46	1302
2612.02	1289
2610.59	1271
2609.15	1298
2607.72	1302
2606.28	1311
2604.85	1373
2603.41	1318
2601.97	1317
2600.53	1297
2599.09	1304
2597.65	1323
2596.22	1309
2594.78	1289
2593.33	1355
2591.89	1354
2590.45	1372
2589.01	1385
2587.57	1357
2586.12	1374
2584.68	1391
2583.23	1402
2581.79	1411
2580.34	1373
2578.9	1399
2577.45	1396
2576	1427
2574.56	1428
2573.11	1407
2571.66	1416
2570.21	1394
2568.76	1404
2567.31	1418
2565.86	1442
2564.41	1428
2562.96	1481
2561.51	1448
2560.05	1491
2558.6	1489
2557.15	1486
2555.69	1491
2554.24	1490
2552.78	1482
2551.32	1495
2549.87	1513
2548.41	1514
2546.95	1521
2545.5	1499
2544.04	1518
2542.58	1567
2541.12	1571
2539.66	1543
2538.2	1586
2536.74	1607
2535.27	1550
2533.81	1576
2532.35	1612
2530.89	1591
2529.42	1614
2527.96	1591
2526.49	1600
2525.03	1602
2523.56	1608
2522.09	1571
2520.63	1608
2519.16	1652
2517.69	1611
2516.22	1612
2514.75	1614
2513.28	1610
2511.81	1648
2510.34	1642
2508.87	1644
2507.4	1665
2505.93	1669
2504.45	1668
2502.98	1653
2501.51	1646
2500.03	1651
2498.56	1721
2497.08	1682
2495.6	1695
2494.13	1723
2492.65	1656
2491.17	1711
2489.69	1743
2488.22	1706
2486.74	1724
2485.26	1744
2483.78	1732
2482.29	1722
2480.81	1665
2479.33	1736
2477.85	1772
2476.36	1734
2474.88	1737
2473.4	1759
2471.91	1776
2470.43	1800
2468.94	1779
2467.45	1819
2465.97	1836
2464.48	1832
2462.99	1804
2461.5	1822
2460.01	1830
2458.52	1848
2457.03	1824
2455.54	1854
2454.05	1847
2452.56	1847
2451.07	1858
2449.57	1842
2448.08	1829
2446.59	1840
2445.09	1910
2443.6	1911
2442.1	1929
2440.6	1863
2439.11	1906
2437.61	1885
2436.11	1904
2434.61	1907
2433.12	1940
2431.62	1991
2430.12	1931
2428.62	1982
2427.11	1946
2425.61	1948
2424.11	2002
2422.61	1948
2421.1	1983
2419.6	2023
2418.1	1948
2416.59	1997
2415.09	2018
2413.58	2042
2412.07	2060
2410.57	2042
2409.06	2013
2407.55	2045
2406.04	2029
2404.53	2060
2403.02	2059
2401.51	2085
2400	2069
2398.49	2063
2396.98	2048
2395.46	2090
2393.95	2125
2392.44	2079
2390.92	2164
2389.41	2118
2387.89	2143
2386.38	2081
2384.86	2088
2383.34	2126
2381.82	2097
2380.31	2118
2378.79	2173
2377.27	2152
2375.75	2151
2374.23	2181
2372.71	2159
2371.19	2165
2369.66	2202
2368.14	2172
2366.62	2205
2365.09	2236
2363.57	2205
2362.04	2215
2360.52	2250
2358.99	2263
2357.47	2182
2355.94	2207
2354.41	2248
2352.88	2233
2351.35	2238
2349.83	2213
2348.3	2252
2346.77	2270
2345.23	2207
2343.7	2293
2342.17	2273
2340.64	2288
2339.1	2295
2337.57	2346
2336.04	2283
2334.5	2311
2332.97	2344
2331.43	2338
2329.89	2377
2328.36	2350
2326.82	2334
2325.28	2386
2323.74	2365
2322.2	2357
2320.66	2391
2319.12	2383
2317.58	2393
2316.04	2361
2314.5	2397
2312.95	2408
2311.41	2442
2309.87	2421
2308.32	2487
2306.78	2435
2305.23	2434
2303.68	2459
2302.14	2519
2300.59	2532
2299.04	2466
2297.49	2493
2295.94	2510
2294.39	2518
2292.84	2496
2291.29	2499
2289.74	2495
2288.19	2511
2286.64	2561
2285.09	2546
2283.53	2584
2281.98	2566
2280.42	2542
2278.87	2529
2277.31	2571
2275.76	2536
2274.2	2559
2272.64	2625
2271.08	2607
2269.52	2620
2267.96	2588
2266.4	2622
2264.84	2581
2263.28	2638
2261.72	2654
2260.16	2596
2258.6	2637
2257.03	2637
2255.47	2653
2253.9	2663
2252.34	2682
2250.77	2653
2249.21	2639
2247.64	2675
2246.07	2748
2244.51	2705
2242.94	2725
2241.37	2702
2239.8	2694
2238.23	2678
2236.66	2719
2235.09	2719
2233.51	2801
2231.94	2765
2230.37	2741
2228.79	2718
2227.22	2764
2225.65	2781
2224.07	2779
2222.49	2847
2220.92	2853
2219.34	2822
2217.76	2815
2216.18	2820
2214.61	2800
2213.03	2753
2211.45	2841
2209.86	2838
2208.28	2850
2206.7	2866
2205.12	2859
2203.54	2907
2201.95	2909
2200.37	2929
2198.78	2855
2197.2	2954
2195.61	2946
2194.03	2931
2192.44	2977
2190.85	2940
2189.26	2949
2187.67	2947
2186.09	2940
2184.5	3001
2182.9	2980
2181.31	2973
2179.72	3010
2178.13	2994
2176.54	3013
2174.94	3030
2173.35	3067
2171.75	3063
2170.16	3097
2168.56	3053
2166.97	3075
2165.37	3046
2163.77	3048
2162.17	3127
2160.58	3059
2158.98	3144
2157.38	3151
2155.78	3110
2154.17	3158
2152.57	3106
2150.97	3172
2149.37	3184
2147.76	3163
2146.16	3193
2144.56	3139
2142.95	3194
2141.34	3180
2139.74	3172
2138.13	3165
2136.52	3246
2134.91	3191
2133.31	3230
2131.7	3204
2130.09	3231
2128.48	3261
2126.86	3268
2125.25	3213
2123.64	3264
2122.03	3244
2120.41	3253
2118.8	3246
2117.18	3265
2115.57	3290
2113.95	3258
2112.34	3325
2110.72	3353
2109.1	3343
2107.48	3333
2105.86	3405
2104.25	3303
2102.63	3323
2101	3394
2099.38	3363
2097.76	3375
2096.14	3426
2094.52	3408
2092.89	3395
2091.27	3400
2089.64	3422
2088.02	3461
2086.39	3460
2084.76	3452
2083.14	3498
2081.51	3433
2079.88	3511
2078.25	3488
2076.62	3512
2074.99	3559
2073.36	3529
2071.73	3520
2070.1	3488
2068.46	3572
2066.83	3490
2065.2	3571
2063.56	3568
2061.93	3588
2060.29	3572
2058.65	3567
2057.02	3680
2055.38	3630
2053.74	3606
2052.1	3618
2050.46	3620
2048.82	3654
2047.18	3667
2045.54	3689
2043.9	3667
2042.26	3670
2040.61	3653
2038.97	3664
2037.33	3657
2035.68	3728
2034.04	3707
2032.39	3733
2030.74	3778
2029.1	3747
2027.45	3732
2025.8	3738
2024.15	3787
2022.5	3767
2020.85	3816
2019.2	3774
2017.55	3809
2015.89	3762
2014.24	3842
2012.59	3840
2010.93	3817
2009.28	3809
2007.62	3845
2005.97	3845
2004.31	3848
2002.65	3883
2001	3855
1999.34	3989
1997.68	3903
1996.02	3900
1994.36	3910
1992.7	3956
1991.04	3945
1989.38	3912
1987.71	4000
1986.05	4103
1984.39	4034
1982.72	4057
1981.06	4038
1979.39	4066
1977.72	4096
1976.06	4065
1974.39	4071
1972.72	4059
1971.05	4089
1969.38	4096
1967.71	4225
1966.04	4202
1964.37	4186
1962.7	4293
1961.03	4208
1959.35	4303
1957.68	4283
1956	4215
1954.33	4205
1952.65	4278
1950.98	4232
1949.3	4226
1947.62	4282
1945.94	4325
1944.27	4313
1942.59	4276
1940.91	4329
1939.23	4339
1937.54	4345
1935.86	4391
1934.18	4392
1932.5	4415
1930.81	4406
1929.13	4351
1927.44	4290
1925.76	4356
1924.07	4370
1922.39	4373
1920.7	4362
1919.01	4435
1917.32	4382
1915.63	4437
1913.94	4451
1912.25	4383
1910.56	4460
1908.87	4409
1907.17	4463
1905.48	4454
1903.79	4464
1902.09	4534
1900.4	4477
1898.7	4534
1897.01	4551
1895.31	4502
1893.61	4597
1891.91	4575
1890.21	4561
1888.51	4622
1886.81	4617
1885.11	4627
1883.41	4674
1881.71	4681
1880.01	4587
1878.3	4679
1876.6	4680
1874.9	4737
1873.19	4749
1871.48	4706
1869.78	4740
1868.07	4738
1866.36	4853
1864.65	4825
1862.95	4807
1861.24	4874
1859.53	4901
1857.81	4803
1856.1	4919
1854.39	4996
1852.68	4907
1850.96	4927
1849.25	4918
1847.54	4922
1845.82	5032
1844.1	4976
1842.39	5064
1840.67	5033
1838.95	5017
1837.23	5086
1835.51	5038
1833.79	5106
1832.07	5129
1830.35	5055
1828.63	5071
1826.91	5109
1825.18	5169
1823.46	5195
1821.74	5216
1820.01	5164
1818.29	5201
1816.56	5265
1814.83	5268
1813.1	5228
1811.38	5258
1809.65	5305
1807.92	5287
1806.19	5246
1804.46	5326
1802.73	5381
1800.99	5285
1799.26	5378
1797.53	5367
1795.79	5355
1794.06	5435
1792.32	5425
1790.59	5449
1788.85	5480
1787.11	5470
1785.37	5476
1783.64	5513
1781.9	5553
1780.16	5530
1778.42	5537
1776.67	5548
1774.93	5589
1773.19	5603
1771.45	5597
1769.7	5623
1767.96	5632
1766.21	5651
1764.47	5674
1762.72	5675
1760.97	5692
1759.23	5670
1757.48	5758
1755.73	5713
1753.98	5850
1752.23	5802
1750.48	5891
1748.73	5875
1746.97	5953
1745.22	5961
1743.47	5963
1741.71	6082
1739.96	6048
1738.2	6009
1736.44	6103
1734.69	6050
1732.93	6057
1731.17	6154
1729.41	6211
1727.65	6198
1725.89	6185
1724.13	6295
1722.37	6307
1720.61	6364
1718.85	6341
1717.08	6321
1715.32	6296
1713.55	6440
1711.79	6466
1710.02	6521
1708.25	6535
1706.49	6598
1704.72	6672
1702.95	6727
1701.18	6701
1699.41	6678
1697.64	6773
1695.87	6858
1694.09	6864
1692.32	6945
1690.55	7069
1688.77	7123
1687	7091
1685.22	7148
1683.45	7269
1681.67	7249
1679.89	7326
1678.11	7346
1676.34	7440
1674.56	7457
1672.78	7503
1671	7541
1669.21	7611
1667.43	7692
1665.65	7689
1663.86	7760
1662.08	7807
1660.3	7830
1658.51	7922
1656.72	7899
1654.94	7922
1653.15	7928
1651.36	7971
1649.57	7899
1647.78	8006
1645.99	7977
1644.2	7866
1642.41	7862
1640.62	7786
1638.82	7847
1637.03	7817
1635.24	7903
1633.44	7773
1631.65	7781
1629.85	7782
1628.05	7775
1626.25	7692
1624.46	7647
1622.66	7707
1620.86	7611
1619.06	7638
1617.26	7720
1615.45	7560
1613.65	7722
1611.85	7616
1610.04	7621
1608.24	7678
1606.43	7590
1604.63	7669
1602.82	7652
1601.02	7631
1599.21	7589
1597.4	7659
1595.59	7645
1593.78	7590
1591.97	7668
1590.16	7621
1588.35	7622
1586.53	7569
1584.72	7609
1582.91	7608
1581.09	7591
1579.28	7497
1577.46	7551
1575.64	7667
1573.82	7696
1572.01	7548
1570.19	7701
1568.37	7656
1566.55	7654
1564.73	7632
1562.91	7706
1561.08	7629
1559.26	7604
1557.44	7651
1555.61	7650
1553.79	7723
1551.96	7651
1550.14	7640
1548.31	7572
1546.48	7665
1544.65	7600
1542.82	7682
1540.99	7658
1539.16	7700
1537.33	7607
1535.5	7704
1533.67	7641
1531.83	7683
1530	7714
1528.16	7588
1526.33	7678
1524.49	7585
1522.66	7682
1520.82	7631
1518.98	7724
1517.14	7625
1515.3	7579
1513.46	7651
1511.62	7632
1509.78	7634
1507.94	7659
1506.09	7610
1504.25	7624
1502.41	7582
1500.56	7743
1498.71	7664
1496.87	7741
1495.02	7762
1493.17	7693
1491.32	7796
1489.47	7746
1487.63	7817
1485.77	7869
1483.92	7903
1482.07	7978
1480.22	7985
1478.36	8025
1476.51	8047
1474.66	8160
1472.8	8223
1470.94	8221
1469.09	8293
1467.23	8348
1465.37	8406
1463.51	8534
1461.65	8573
1459.79	8617
1457.93	8736
1456.07	8699
1454.2	8689
1452.34	8741
1450.48	8621
1448.61	8608
1446.75	8636
1444.88	8681
1443.01	8661
1441.14	8595
1439.28	8624
1437.41	8510
1435.54	8549
1433.67	8445
1431.8	8498
1429.92	8506
1428.05	8465
1426.18	8327
1424.3	8427
1422.43	8423
1420.55	8413
1418.68	8379
1416.8	8254
1414.92	8366
1413.04	8224
1411.17	8221
1409.29	8290
1407.41	8265
1405.52	8129
1403.64	8196
1401.76	8205
1399.88	8143
1397.99	8157
1396.11	8087
1394.22	8118
1392.34	8041
1390.45	8116
1388.56	8067
1386.67	8008
1384.78	8049
1382.89	8149
1381	7970
1379.11	8034
1377.22	8104
1375.33	8161
1373.43	8071
1371.54	8151
1369.65	8079
1367.75	8100
1365.85	8145
1363.96	8180
1362.06	8202
1360.16	8300
1358.26	8318
1356.36	8297
1354.46	8354
1352.56	8449
1350.66	8472
1348.75	8471
1346.85	8581
1344.95	8525
1343.04	8573
1341.14	8586
1339.23	8650
1337.32	8707
1335.42	8629
1333.51	8643
1331.6	8569
1329.69	8687
1327.78	8670
1325.86	8683
1323.95	8714
1322.04	8763
1320.13	8702
1318.21	8697
1316.3	8830
1314.38	8787
1312.46	8834
1310.55	8835
1308.63	8889
1306.71	8941
1304.79	8948
1302.87	8969
1300.95	8946
1299.03	8903
1297.1	8955
1295.18	9066
1293.26	9011
1291.33	9013
1289.41	9006
1287.48	9050
1285.55	9065
1283.63	9030
1281.7	9057
1279.77	9057
1277.84	9133
1275.91	9191
1273.98	9197
1272.05	8997
1270.11	9099
1268.18	9113
1266.24	9162
1264.31	9231
1262.37	9059
1260.44	9156
1258.5	9155
1256.56	9087
1254.62	9090
1252.68	9008
1250.74	9028
1248.8	8978
1246.86	8976
1244.92	9045
1242.98	9032
1241.03	8972
1239.09	8883
1237.14	8920
1235.2	8815
1233.25	8822
1231.3	8748
1229.35	8704
1227.4	8644
1225.45	8616
1223.5	8503
1221.55	8440
1219.6	8414
1217.65	8358
1215.69	8428
1213.74	8336
1211.78	8210
1209.83	8187
1207.87	8163
1205.91	8104
1203.96	8048
1202	8029
1200.04	7950
1198.08	7976
1196.12	7934
1194.15	7920
1192.19	7911
1190.23	7829
1188.26	7756
1186.3	7731
1184.33	7818
1182.37	7816
1180.4	7859
1178.43	7772
1176.46	7782
1174.49	7757
1172.52	7740
1170.55	7714
1168.58	7736
1166.61	7667
1164.64	7763
1162.66	7610
1160.69	7783
1158.71	7766
1156.73	7694
1154.76	7684
1152.78	7695
1150.8	7714
1148.82	7775
1146.84	7627
1144.86	7680
1142.88	7684
1140.9	7699
1138.91	7696
1136.93	7884
1134.95	7734
1132.96	7750
1130.97	7786
1128.99	7804
1127	7864
1125.01	7749
1123.02	7887
1121.03	7833
1119.04	7862
1117.05	7904
1115.06	7881
1113.07	7940
1111.07	7983
1109.08	7885
1107.08	7928
1105.09	7891
1103.09	8096
1101.09	8110
1099.09	8047
1097.09	7968
1095.09	7968
1093.09	8080
1091.09	8097
1089.09	8082
1087.09	8034
1085.08	8014
1083.08	8086
1081.07	8051
1079.07	8103
1077.06	8145
1075.05	8083
1073.04	8071
1071.03	8148
1069.02	8070
1067.01	8139
1065	8104
1062.99	8156
1060.98	8104
1058.96	8089
1056.95	8178
1054.93	8064
1052.92	8092
1050.9	8126
1048.88	8103
1046.86	8145
1044.84	8106
1042.82	8166
1040.8	8151
1038.78	8176
1036.76	8197
1034.74	8177
1032.71	8147
1030.69	8104
1028.66	8244
1026.64	8157
1024.61	8065
1022.58	8064
1020.55	8168
1018.52	8162
1016.49	8079
1014.46	8153
1012.43	8190
1010.4	8228
1008.36	8241
1006.33	8252
1004.29	8167
1002.26	8189
1000.22	8284
998.184	8293
996.146	8206
994.108	8166
992.068	8243
990.028	8258
987.986	8223
985.944	8309
983.901	8389
981.858	8410
979.813	8405
977.768	8460
975.722	8469
973.675	8467
971.627	8587
969.579	8613
967.53	8616
965.48	8687
963.429	8724
961.377	8710
959.325	8727
957.273	8736
955.218	8780
953.163	8730
951.108	8851
949.051	8718
946.994	8914
944.936	8880
942.878	8825
940.818	8822
938.758	8867
936.697	8885
934.634	8876
932.572	8877
930.509	8867
928.444	8842
926.379	8823
924.313	8968
922.246	8823
920.179	8916
918.111	8929
916.041	8822
913.972	8848
911.901	8876
909.829	8790
907.757	8885
905.684	8847
903.61	8814
901.535	8848
899.46	8819
897.383	8835
895.306	8832
893.228	8815
891.149	8820
889.069	8794
886.989	8866
884.908	8850
882.826	8818
880.743	8834
878.659	8887
876.575	8889
874.49	8907
872.403	8997
870.317	8945
868.229	9024
866.141	8961
864.051	9160
861.961	9101
859.87	9103
857.779	9124
855.685	9129
853.592	9064
851.498	9157
849.403	9124
847.307	9076
845.211	9091
843.113	9062
841.015	9177
838.916	9122
836.816	9100
834.715	9188
832.613	9161
830.511	9183
828.408	8961
826.304	9026
824.199	8988
822.093	9059
819.987	8964
817.879	8893
815.771	8865
813.663	8866
811.553	8848
809.442	8876
807.331	8707
805.218	8817
803.105	8761
800.992	8724
798.877	8710
796.761	8738
794.645	8833
792.527	8753
790.41	8782
788.291	8645
786.171	8731
784.051	8699
781.929	8661
779.807	8795
777.684	8631
775.56	8762
773.436	8786
771.31	8833
769.184	8802
767.057	8858
764.929	8869
762.8	9017
760.67	8949
758.54	9121
756.409	9081
754.277	9071
752.143	9023
750.01	9099
747.875	9077
745.74	9091
743.603	9100
741.466	9092
739.328	9174
737.189	9169
735.049	9192
732.909	9144
730.768	9296
728.626	9219
726.483	9261
724.339	9222
722.194	9120
720.049	9184
717.903	9116
715.755	9127
713.607	9227
711.458	9164
709.308	9132
707.158	9086
705.007	9142
702.855	9102
700.701	8946
698.548	9064
696.393	9035
694.237	8929
692.081	9073
689.923	8833
687.765	8924
685.606	8902
683.446	8957
681.286	8927
679.124	8873
676.962	8890
674.798	8971
672.635	8917
670.469	8874
668.304	8927
666.137	9011
663.969	8896
661.801	8963
659.632	8961
657.462	8974
655.291	9062
653.119	9088
650.947	9266
648.773	9109
646.599	9179
644.424	9137
642.248	9186
640.071	9281
637.893	9231
635.714	9264
633.535	9271
631.354	9303
629.173	9379
626.992	9380
624.809	9296
622.625	9376
620.44	9420
618.255	9266
616.069	9390
613.882	9388
611.694	9362
609.505	9358
607.315	9253
605.124	9297
602.933	9320
600.741	9303
598.548	9347
596.354	9255
594.158	9331
591.963	9374
589.766	9358
587.569	9278
585.37	9238
583.171	9272
580.971	9335
578.769	9435
576.569	9339
574.365	9351
572.161	9360
569.957	9310
567.752	9358
565.545	9296
563.339	9312
561.13	9376
558.922	9393
556.712	9443
554.502	9418
552.291	9358
550.078	9414
547.865	9471
545.651	9572
543.436	9445
541.22	9525
539.004	9549
536.787	9592
534.568	9618
532.349	9725
530.128	9697
527.907	9715
525.686	9780
523.463	9767
521.239	9801
519.015	9733
516.789	9724
514.563	9734
512.335	9822
510.107	9777
507.879	9831
505.648	9702
503.418	9723
501.186	9841
498.954	9713
496.721	9718
494.486	9671
492.251	9774
490.015	9529
487.778	9641
485.541	9591
483.302	9664
481.063	9713
478.822	9661
476.581	9685
474.338	9718
472.096	9602
469.851	9609
467.607	9623
465.361	9655
463.114	9759
460.867	9749
458.618	9729
456.369	9764
454.119	9702
451.868	9798
449.616	9843
447.363	9817
445.11	9898
442.854	9839
440.599	9895
438.343	9902
436.085	9853
433.827	10069
431.568	10008
429.308	9970
427.047	10057
424.786	10087
422.522	10187
420.259	10280
417.994	10209
415.729	10249
413.463	10174
411.196	10238
408.927	10302
406.658	10303
404.389	10183
402.118	10327
399.846	10263
397.573	10267
395.3	10248
393.025	10332
390.75	10274
388.474	10216
386.196	10318
383.919	10306
381.64	10306
379.36	10315
377.08	10380
374.798	10331
372.515	10417
370.231	10377
367.947	10446
365.662	10458
363.376	10402
361.089	10419
358.801	10547
356.511	10473
354.222	10529
351.931	10625
349.639	10608
347.347	10644
345.053	10715
342.759	10727
340.463	10729
338.167	10748
335.871	10786
333.572	10780
331.273	10858
328.974	10849
326.673	10914
324.371	10917
322.068	10918
319.765	10965
317.46	11137
315.154	11091
312.849	11311
310.541	11249
308.233	11229
305.924	11315
303.614	11406
301.303	11418
298.992	11481
296.679	11549
294.365	11582
292.051	11631
289.734	11781
287.418	11795
285.101	11849
282.783	11969
280.463	11974
278.144	12115
275.822	12198
273.5	12303
271.178	12391
268.853	12415
266.529	12560
264.203	12549
261.876	12566
259.548	12780
257.22	12834
254.891	12976
252.561	13227
250.229	13219
247.897	13306
245.564	13423
243.23	13560
240.895	13738
238.559	13868
236.222	13945
233.884	14114
231.545	14472
229.206	14421
226.865	14690
224.524	14823
222.181	14953
219.838	15248
217.493	15353
215.148	15515
212.802	15682
210.455	15909
208.106	16140
205.758	16395
203.407	16594
201.056	16999
198.705	17077
196.351	17378
193.997	17672
191.643	17847
189.288	18096
186.931	18059
184.574	18377
182.214	18664
179.855	18928
177.495	19152
175.134	19320
172.771	19643
170.408	19816
168.044	20254
165.679	20674
163.312	20830
160.946	20930
158.578	21456
156.208	21827
153.838	21857
151.468	22143
149.097	22423
146.724	22794
144.349	23016
141.975	23411
139.599	23650
137.223	24154
134.846	24843
132.467	25274
130.088	25832
127.707	26043
125.326	26429
122.944	27104
120.56	27731
118.177	28428
115.791	29062
113.405	30109
111.018	31106
108.63	31872
106.241	32638
103.851	33553
101.46	34771
99.0686	36439
96.675	37612
94.2815	39119
91.8872	40919
89.4909	42828
87.0947	44732
84.6966	46906
82.2976	49044
79.8987	51752
77.4979	54610
75.0962	58348
72.6935	62543
70.29	64524
67.8855	64524
65.4801	64524
63.0739	64524
60.6667	64524
58.2586	64524
55.8495	64524
53.4386	64524
51.0278	64524
48.616	64524
46.2023	64524
43.7887	64524
41.3732	64524
38.9568	64524
36.5404	64524
34.1222	64524
31.703	64524
29.2829	64524
26.8618	64524
24.4399	64524
22.017	64524
19.5932	64524
17.1685	64524
14.7429	64524
12.3153	64524
9.88782	64524
7.4594	64524
5.02907	64524
2.5988	64524
0.166609	64524
-2.26552	64524
-4.69956	64524
-7.13454	64524
-9.57045	64524
-12.0063	64524
-14.4441	64524
-16.8828	64524
-19.3224	64524
-21.763	64524
-24.2045	64524
-26.6479	64524
-29.0913	64524
-31.5356	64524
-33.9808	64524
-36.428	64524
-38.8751	64524
-41.3241	64524
-43.7731	64524
-46.224	64524
-48.6749	64524
-51.1277	64524
-53.5814	64524
-56.0361	64524
-58.4907	64524
-60.9473	64524
-63.4048	64524
-65.8633	64524
-68.3227	62103
-70.783	54675
-73.2453	48564
-75.7075	43252
-78.1707	38681
-80.6348	34640
-83.1009	31260
-85.5669	28208
-88.0349	25548
-90.5028	23247
-92.9727	20860
-95.4425	18734
-97.9143	16938
-100.387	15142
-102.861	13812
-105.334	12690
-107.81	11661
-110.286	10815
-112.764	10003
-115.242	9316
-117.722	8509
-120.203	7807
-122.684	7004
-125.167	6412
-127.65	5782
-130.135	5319
-132.62	4850
-135.106	4544
-137.594	4196
-140.082	3957
-142.572	3596
-145.063	3327
-147.554	2952
-150.047	2594
-152.541	2389
-155.036	2246
-157.532	2070
-160.028	1992
-162.526	1819
-165.025	1711
-167.525	1573
-170.025	1533
-172.527	1458
-175.029	1372
-177.534	1284
-180.038	1265
-182.544	1209
-185.051	1099
-187.559	1070
-190.068	1034
-192.577	1003
-195.089	1035
-197.6	984
-200.113	983
-202.628	957
-205.143	946
-207.659	902
-210.176	870
-212.694	884
-215.213	873
-217.734	865
-220.255	837
-222.777	873
-225.3	830
-227.824	817
-230.349	789
-232.876	765
-235.403	739
-237.932	753
-240.461	739
-242.992	715
-245.523	707
-248.056	688
-250.589	681
-253.124	686
-255.66	688
-258.197	638
-260.734	658
-263.273	621
-265.813	659
-268.354	630
-270.896	607
-273.439	587
-275.982	601
-278.527	592
-281.074	587
-283.621	580
-286.169	552
-288.718	551
-291.269	550
-293.82	516
-296.372	526
-298.925	508
-301.48	482
-304.035	487
-306.592	478
-309.15	485
-311.708	476
-314.268	471
-316.828	472
-319.39	473
-321.953	441
-324.517	428
-327.082	430
-329.648	428
-332.215	439
-334.783	427
-337.352	428
-339.922	417
-342.493	412
-345.066	396
-347.639	406
-350.213	404
-352.789	405
-355.365	398
-357.943	390
-360.521	369
-363.101	386
-365.681	379
-368.263	359
-370.847	373
-373.431	349
-376.015	369
-378.601	354
-381.188	352
-383.777	355
-386.366	349
-388.956	339
-391.548	321
-394.14	340
-396.733	330
-399.328	335
-401.923	312
-404.521	311
-407.118	328
-409.717	305
-412.317	284
-414.918	298
-417.52	308
-420.123	292
-422.727	293
-425.332	294
-427.939	279
-430.546	286
-433.155	290
-435.764	287
-438.374	285
-440.986	274
-443.599	283
-446.213	275
-448.828	278
-451.444	277
-454.061	277
-456.68	266
-459.299	276
-461.919	253
-464.54	255
-467.163	249
-469.786	251
-472.411	250
-475.037	265
-477.663	256
-480.292	255
-482.92	274
-485.551	263
-488.182	263
-490.814	236
-493.447	264
-496.082	255
-498.717	264
-501.354	252
-503.992	266
-506.63	244
-509.27	238
-511.911	242
-514.553	240
-517.197	233
-519.841	256
-522.486	237
-525.133	245
-527.78	238
-530.429	233
-533.078	252
-535.729	235
-538.381	249
-541.034	263
-543.688	251
-546.343	232
-548.999	218
-551.657	247
-554.316	236
-556.975	248
-559.636	252
-562.297	217
-564.961	224
-567.625	246
-570.29	224
-572.956	232
-575.623	231
-578.292	230
-580.961	237
-583.632	220
-586.303	246
-588.976	228
-591.65	221
-594.326	233
-597.002	216
-599.679	231
-602.358	236
-605.037	245
-607.718	241
-610.399	248
-613.082	244
-615.767	226
-618.452	251
-621.138	245
-623.825	252
-626.514	234
-629.203	265
-631.893	236
-634.586	253
-637.278	250
-639.973	249
-642.667	247
-645.364	272
-648.061	237
-650.76	245
-653.46	235
-656.16	256
-658.862	254
-661.566	245
-664.269	249
-666.974	266
-669.681	252
-672.389	249
-675.097	255
-677.807	251
-680.518	237
-683.23	230
-685.943	245
-688.658	252
-691.373	232
-694.089	255
-696.807	231
-699.526	241
-702.245	254
-704.966	254
-707.689	248
-710.412	226
-713.136	243
-715.863	245
-718.589	247
-721.317	238
-724.046	253
-726.776	240
-729.508	241
-732.24	256
-734.974	253
-737.709	247
-740.444	248
-743.182	245
-745.919	266
-748.659	229
-751.399	254
-754.141	250
-756.883	259
-759.627	249
-762.372	257
-765.119	249
-767.866	261
-770.615	260
-773.365	261
-776.115	265
-778.867	257
-781.62	245
-784.375	256
-787.13	243
-789.886	263
-792.644	253
-795.402	229
-798.162	262
-800.924	256
-803.686	236
-806.449	257
-809.215	241
-811.98	247
-814.747	236
-817.516	258
-820.284	239
-823.054	251
-825.827	258
-828.599	256
-831.373	257
-834.149	248
-836.924	232
-839.702	249
-842.48	244
-845.26	241
-848.042	250
-850.823	254
-853.606	225
-856.391	258
-859.177	253
-861.963	245
-864.751	261
-867.54	235
-870.331	237
-873.122	239
-875.915	245
-878.709	243
-881.504	244
-884.3	243
-887.097	220
-889.895	247
-892.695	258
-895.496	226
-898.298	244
-901.101	252
-903.905	248
-906.711	253
-909.518	247
-912.325	238
-915.134	244
-917.945	240
-920.756	263
-923.569	228
-926.383	239
-929.198	242
-932.013	256
-934.831	242
-937.649	246
-940.47	262
-943.29	247
-946.113	246
-948.936	263
-951.761	235
-954.586	241
-957.413	262
-960.242	251
-963.07	266
-965.901	250
-968.733	265
-971.565	279
-974.399	262
-977.235	245
-980.072	255
-982.908	257
-985.747	256
-988.588	259
-991.429	265
-994.271	256
-997.115	273
-999.96	268
-1002.81	258
-1005.65	277
-1008.5	284
-1011.35	277
-1014.2	276
-1017.05	251
-1019.91	269
-1022.76	276
-1025.62	263
-1028.47	284
-1031.33	266
-1034.19	269
-1037.05	292
-1039.91	284
-1042.78	276
-1045.64	283
-1048.51	277
-1051.37	276
-1054.24	280
-1057.11	272
-1059.98	298
-1062.85	269
-1065.72	298
-1068.6	300
-1071.47	284
-1074.35	291
-1077.23	293
-1080.11	283
-1082.99	284
-1085.87	320
-1088.75	316
-1091.63	293
-1094.52	298
-1097.4	286
-1100.29	312
-1103.18	310
-1106.07	325
-1108.96	331
-1111.85	325
-1114.75	336
-1117.64	319
-1120.54	345
-1123.43	314
-1126.33	345
-1129.23	354
-1132.13	338
-1135.03	353
-1137.94	357
-1140.84	381
-1143.75	387
-1146.65	379
-1149.56	393
-1152.47	391
-1155.38	401
-1158.3	398
-1161.21	414
-1164.12	429
-1167.04	472
-1169.96	467
-1172.87	511
-1175.79	567
-1178.71	609
-1181.64	716
-1184.56	852
-1187.48	962
-1190.41	1118
-1193.33	1243
-1196.26	1388
-1199.19	1472
-1202.12	1683
-1205.06	1947
-1207.99	2174
-1210.92	2430
-1213.86	2632
-1216.8	2844
-1219.73	3070
-1222.67	3255
-1225.61	3477
-1228.55	3956
-1231.5	4370
-1234.44	5121
-1237.39	5686
-1240.33	6319
-1243.28	7230
-1246.23	10023
-1249.18	12459
-1252.14	14451
-1255.09	15890
-1258.04	16227
-1261	16314
-1263.96	16066
-1266.91	15492
-1269.87	13767
-1272.83	11858
-1275.8	10413
-1278.76	8355
-1281.72	5674
-1284.69	3544
-1287.66	2135
-1290.62	1477
-1293.59	1242
-1296.57	1193
-1299.54	956
-1302.51	822
-1305.49	777
-1308.46	739
-1311.44	669
-1314.42	680
-1317.4	633
-1320.38	637
-1323.36	604
-1326.34	589
-1329.33	548
-1332.32	591
-1335.3	569
-1338.29	584
-1341.28	573
-1344.27	572
-1347.27	572
-1350.26	565
-1353.26	512
-1356.25	527
-1359.25	506
-1362.25	506
-1365.25	477
-1368.25	504
-1371.25	492
-1374.26	467
-1377.26	451
-1380.27	433
-1383.28	398
-1386.29	352
-1389.3	324
-1392.31	296
