2745.96	328
2744.58	336
2743.19	326
2741.81	341
2740.42	329
2739.03	354
2737.64	328
2736.25	337
2734.86	321
2733.47	337
2732.08	357
2730.69	352
2729.3	337
2727.91	351
2726.51	349
2725.12	341
2723.73	342
2722.33	347
2720.94	352
2719.54	341
2718.15	329
2716.75	329
2715.35	336
2713.96	346
2712.56	371
2711.16	349
2709.76	365
2708.36	368
2706.96	373
2705.56	368
2704.16	323
2702.76	365
2701.36	376
2699.96	361
2698.56	336
2697.15	354
2695.75	373
2694.34	368
2692.94	377
2691.53	366
2690.13	361
2688.72	375
2687.31	370
2685.91	357
2684.5	365
2683.09	367
2681.68	370
2680.27	393
2678.86	375
2677.45	359
2676.04	396
2674.63	377
2673.22	375
2671.81	368
2670.39	388
2668.98	362
2667.57	373
2666.15	378
2664.74	392
2663.32	368
2661.91	375
2660.49	383
2659.07	385
2657.65	378
2656.24	380
2654.82	392
2653.4	386
2651.98	409
2650.56	391
2649.14	380
2647.72	380
2646.3	393
2644.87	397
2643.45	390
2642.03	396
2640.61	400
2639.18	389
2637.76	413
2636.33	389
2634.91	426
2633.48	398
2632.05	409
2630.62	389
2629.2	411
2627.77	405
2626.34	421
2624.91	439
2623.48	421
2622.05	404
2620.62	429
2619.19	435
2617.76	434
2616.32	425
2614.89	430
2613.46	433
2612.02	438
2610.59	421
2609.15	417
2607.72	435
2606.28	445
2604.85	429
2603.41	423
2601.97	435
2600.53	404
2599.09	435
2597.65	429
2596.22	400
2594.78	452
2593.33	416
2591.89	428
2590.45	425
2589.01	434
2587.57	446
2586.12	438
2584.68	444
2583.23	433
2581.79	439
2580.34	451
2578.9	447
2577.45	464
2576	425
2574.56	452
2573.11	428
2571.66	472
2570.21	442
2568.76	453
2567.31	472
2565.86	478
2564.41	460
2562.96	475
2561.51	477
2560.05	468
2558.6	477
2557.15	498
2555.69	474
2554.24	471
2552.78	458
2551.32	495
2549.87	493
2548.41	487
2546.95	486
2545.5	491
2544.04	502
2542.58	503
2541.12	512
2539.66	517
2538.2	498
2536.74	525
2535.27	504
2533.81	512
2532.35	525
2530.89	511
2529.42	515
2527.96	528
2526.49	506
2525.03	527
2523.56	518
2522.09	550
2520.63	520
2519.16	513
2517.69	510
2516.22	557
2514.75	545
2513.28	526
2511.81	533
2510.34	537
2508.87	527
2507.4	519
2505.93	545
2504.45	517
2502.98	557
2501.51	558
2500.03	536
2498.56	551
2497.08	555
2495.6	541
2494.13	541
2492.65	560
2491.17	558
2489.69	556
2488.22	571
2486.74	563
2485.26	544
2483.78	581
2482.29	548
2480.81	568
2479.33	564
2477.85	576
2476.36	545
2474.88	586
2473.4	592
2471.91	566
2470.43	578
2468.94	575
2467.45	585
2465.97	602
2464.48	573
2462.99	577
2461.5	586
2460.01	603
2458.52	575
2457.03	585
2455.54	611
2454.05	613
2452.56	600
2451.07	598
2449.57	603
2448.08	632
2446.59	641
2445.09	620
2443.6	641
2442.1	590
2440.6	604
2439.11	623
2437.61	624
2436.11	647
2434.61	615
2433.12	624
2431.62	594
2430.12	624
2428.62	620
2427.11	638
2425.61	618
2424.11	651
2422.61	632
2421.1	650
2419.6	665
2418.1	629
2416.59	658
2415.09	636
2413.58	659
2412.07	667
2410.57	629
2409.06	627
2407.55	652
2406.04	662
2404.53	642
2403.02	671
2401.51	660
2400	652
2398.49	669
2396.98	667
2395.46	664
2393.95	672
2392.44	650
2390.92	679
2389.41	702
2387.89	680
2386.38	662
2384.86	677
2383.34	680
2381.82	697
2380.31	678
2378.79	701
2377.27	705
2375.75	692
2374.23	707
2372.71	735
2371.19	729
2369.66	731
2368.14	714
2366.62	690
2365.09	718
2363.57	747
2362.04	740
2360.52	737
2358.99	733
2357.47	743
2355.94	714
2354.41	730
2352.88	737
2351.35	767
2349.83	732
2348.3	747
2346.77	723
2345.23	721
2343.7	760
2342.17	746
2340.64	742
2339.1	746
2337.57	781
2336.04	756
2334.5	753
2332.97	747
2331.43	745
2329.89	793
2328.36	814
2326.82	799
2325.28	774
2323.74	803
2322.2	779
2320.66	783
2319.12	782
2317.58	789
2316.04	814
2314.5	782
2312.95	796
2311.41	797
2309.87	795
2308.32	801
2306.78	803
2305.23	818
2303.68	839
2302.14	826
2300.59	839
2299.04	854
2297.49	833
2295.94	836
2294.39	829
2292.84	830
2291.29	835
2289.74	825
2288.19	828
2286.64	857
2285.09	873
2283.53	842
2281.98	845
2280.42	856
2278.87	853
2277.31	879
2275.76	857
2274.2	869
2272.64	882
2271.08	865
2269.52	922
2267.96	885
2266.4	881
2264.84	893
2263.28	919
2261.72	923
2260.16	923
2258.6	867
2257.03	919
2255.47	948
2253.9	926
2252.34	914
2250.77	944
2249.21	970
2247.64	912
2246.07	937
2244.51	935
2242.94	966
2241.37	957
2239.8	928
2238.23	945
2236.66	944
2235.09	971
2233.51	967
2231.94	980
2230.37	963
2228.79	1026
2227.22	994
2225.65	994
2224.07	984
2222.49	968
2220.92	1007
2219.34	993
2217.76	997
2216.18	1032
2214.61	1020
2213.03	1018
2211.45	1025
2209.86	1013
2208.28	1002
2206.7	1060
2205.12	1035
2203.54	1055
2201.95	1065
2200.37	1059
2198.78	1062
2197.2	1032
2195.61	1080
2194.03	1065
2192.44	1070
2190.85	1081
2189.26	1070
2187.67	1058
2186.09	1093
2184.5	1085
2182.9	1101
2181.31	1111
2179.72	1069
2178.13	1135
2176.54	1117
2174.94	1109
2173.35	1132
2171.75	1161
2170.16	1130
2168.56	1145
2166.97	1141
2165.37	1160
2163.77	1173
2162.17	1161
2160.58	1159
2158.98	1143
2157.38	1174
2155.78	1145
2154.17	1167
2152.57	1168
2150.97	1172
2149.37	1175
2147.76	1167
2146.16	1174
2144.56	1188
2142.95	1198
2141.34	1178
2139.74	1208
2138.13	1219
2136.52	1200
2134.91	1219
2133.31	1209
2131.7	1208
2130.09	1234
2128.48	1236
2126.86	1236
2125.25	1243
2123.64	1242
2122.03	1215
2120.41	1246
2118.8	1260
2117.18	1242
2115.57	1221
2113.95	1260
2112.34	1259
2110.72	1238
2109.1	1279
2107.48	1221
2105.86	1284
2104.25	1252
2102.63	1249
2101	1226
2099.38	1279
2097.76	1278
2096.14	1268
2094.52	1273
2092.89	1305
2091.27	1280
2089.64	1257
2088.02	1262
2086.39	1307
2084.76	1281
2083.14	1286
2081.51	1305
2079.88	1303
2078.25	1276
2076.62	1317
2074.99	1271
2073.36	1315
2071.73	1290
2070.1	1318
2068.46	1351
2066.83	1312
2065.2	1318
2063.56	1335
2061.93	1347
2060.29	1314
2058.65	1338
2057.02	1339
2055.38	1368
2053.74	1320
2052.1	1323
2050.46	1359
2048.82	1308
2047.18	1300
2045.54	1338
2043.9	1322
2042.26	1362
2040.61	1328
2038.97	1352
2037.33	1339
2035.68	1343
2034.04	1333
2032.39	1328
2030.74	1318
2029.1	1316
2027.45	1372
2025.8	1339
2024.15	1360
2022.5	1341
2020.85	1340
2019.2	1350
2017.55	1342
2015.89	1316
2014.24	1327
2012.59	1336
2010.93	1351
2009.28	1341
2007.62	1358
2005.97	1338
2004.31	1346
2002.65	1342
2001	1369
1999.34	1323
1997.68	1345
1996.02	1355
1994.36	1345
1992.7	1369
1991.04	1392
1989.38	1369
1987.71	1360
1986.05	1401
1984.39	1383
1982.72	1398
1981.06	1383
1979.39	1352
1977.72	1353
1976.06	1358
1974.39	1363
1972.72	1382
1971.05	1374
1969.38	1373
1967.71	1407
1966.04	1420
1964.37	1411
1962.7	1437
1961.03	1407
1959.35	1442
1957.68	1442
1956	1408
1954.33	1419
1952.65	1444
1950.98	1409
1949.3	1425
1947.62	1438
1945.94	1398
1944.27	1410
1942.59	1411
1940.91	1463
1939.23	1409
1937.54	1475
1935.86	1439
1934.18	1484
1932.5	1490
1930.81	1485
1929.13	1470
1927.44	1478
1925.76	1454
1924.07	1451
1922.39	1461
1920.7	1471
1919.01	1479
1917.32	1453
1915.63	1454
1913.94	1501
1912.25	1486
1910.56	1498
1908.87	1467
1907.17	1511
1905.48	1497
1903.79	1489
1902.09	1499
1900.4	1532
1898.7	1488
1897.01	1545
1895.31	1525
1893.61	1542
1891.91	1518
1890.21	1536
1888.51	1559
1886.81	1589
1885.11	1595
1883.41	1589
1881.71	1624
1880.01	1636
1878.3	1609
1876.6	1618
1874.9	1631
1873.19	1660
1871.48	1658
1869.78	1665
1868.07	1683
1866.36	1638
1864.65	1608
1862.95	1677
1861.24	1697
1859.53	1698
1857.81	1677
1856.1	1706
1854.39	1707
1852.68	1705
1850.96	1761
1849.25	1727
1847.54	1747
1845.82	1774
1844.1	1765
1842.39	1795
1840.67	1844
1838.95	1750
1837.23	1835
1835.51	1821
1833.79	1840
1832.07	1826
1830.35	1815
1828.63	1844
1826.91	1849
1825.18	1870
1823.46	1895
1821.74	1894
1820.01	1896
1818.29	1931
1816.56	1989
1814.83	1992
1813.1	1963
1811.38	1968
1809.65	1986
1807.92	1999
1806.19	2014
1804.46	2036
1802.73	2038
1800.99	2031
1799.26	2096
1797.53	2077
1795.79	2082
1794.06	2097
1792.32	2154
1790.59	2136
1788.85	2147
1787.11	2145
1785.37	2215
1783.64	2211
1781.9	2190
1780.16	2232
1778.42	2211
1776.67	2248
1774.93	2240
1773.19	2265
1771.45	2282
1769.7	2308
1767.96	2342
1766.21	2322
1764.47	2333
1762.72	2429
1760.97	2464
1759.23	2447
1757.48	2501
1755.73	2449
1753.98	2503
1752.23	2502
1750.48	2558
1748.73	2563
1746.97	2579
1745.22	2620
1743.47	2679
1741.71	2683
1739.96	2652
1738.2	2706
1736.44	2760
1734.69	2730
1732.93	2822
1731.17	2836
1729.41	2867
1727.65	2912
1725.89	2937
1724.13	2991
1722.37	3014
1720.61	3002
1718.85	3008
1717.08	3057
1715.32	3100
1713.55	3159
1711.79	3187
1710.02	3172
1708.25	3245
1706.49	3246
1704.72	3256
1702.95	3296
1701.18	3328
1699.41	3421
1697.64	3439
1695.87	3514
1694.09	3512
1692.32	3524
1690.55	3565
1688.77	3630
1687	3657
1685.22	3736
1683.45	3786
1681.67	3767
1679.89	3851
1678.11	3871
1676.34	3878
1674.56	3923
1672.78	3946
1671	3956
1669.21	3970
1667.43	4009
1665.65	4040
1663.86	4061
1662.08	4110
1660.3	4137
1658.51	4171
1656.72	4198
1654.94	4197
1653.15	4187
1651.36	4291
1649.57	4230
1647.78	4269
1645.99	4301
1644.2	4272
1642.41	4338
1640.62	4299
1638.82	4333
1637.03	4377
1635.24	4352
1633.44	4361
1631.65	4278
1629.85	4333
1628.05	4327
1626.25	4340
1624.46	4315
1622.66	4295
1620.86	4253
1619.06	4282
1617.26	4284
1615.45	4276
1613.65	4216
1611.85	4213
1610.04	4247
1608.24	4186
1606.43	4218
1604.63	4162
1602.82	4159
1601.02	4174
1599.21	4149
1597.4	4167
1595.59	4147
1593.78	4112
1591.97	4143
1590.16	4061
1588.35	4054
1586.53	4090
1584.72	4058
1582.91	4012
1581.09	4025
1579.28	4013
1577.46	3999
1575.64	4013
1573.82	3982
1572.01	4017
1570.19	3995
1568.37	3954
1566.55	3975
1564.73	3969
1562.91	3981
1561.08	3892
1559.26	3987
1557.44	3888
1555.61	3881
1553.79	3945
1551.96	3944
1550.14	3870
1548.31	3850
1546.48	3785
1544.65	3883
1542.82	3838
1540.99	3771
1539.16	3799
1537.33	3847
1535.5	3760
1533.67	3735
1531.83	3718
1530	3750
1528.16	3668
1526.33	3758
1524.49	3762
1522.66	3719
1520.82	3723
1518.98	3750
1517.14	3709
1515.3	3701
1513.46	3678
1511.62	3644
1509.78	3651
1507.94	3655
1506.09	3677
1504.25	3677
1502.41	3700
1500.56	3726
1498.71	3704
1496.87	3609
1495.02	3643
1493.17	3664
1491.32	3641
1489.47	3682
1487.63	3655
1485.77	3624
1483.92	3652
1482.07	3711
1480.22	3705
1478.36	3660
1476.51	3714
1474.66	3686
1472.8	3696
1470.94	3669
1469.09	3738
1467.23	3685
1465.37	3693
1463.51	3678
1461.65	3691
1459.79	3703
1457.93	3733
1456.07	3689
1454.2	3693
1452.34	3740
1450.48	3720
1448.61	3629
1446.75	3675
1444.88	3649
1443.01	3686
1441.14	3708
1439.28	3673
1437.41	3592
1435.54	3629
1433.67	3619
1431.8	3612
1429.92	3611
1428.05	3652
1426.18	3573
1424.3	3596
1422.43	3608
1420.55	3570
1418.68	3574
1416.8	3527
1414.92	3610
1413.04	3610
1411.17	3545
1409.29	3529
1407.41	3480
1405.52	3555
1403.64	3549
1401.76	3543
1399.88	3587
1397.99	3528
1396.11	3570
1394.22	3529
1392.34	3450
1390.45	3560
1388.56	3538
1386.67	3543
1384.78	3501
1382.89	3507
1381	3560
1379.11	3579
1377.22	3570
1375.33	3519
1373.43	3488
1371.54	3524
1369.65	3514
1367.75	3535
1365.85	3554
1363.96	3546
1362.06	3592
1360.16	3587
1358.26	3576
1356.36	3569
1354.46	3569
1352.56	3590
1350.66	3614
1348.75	3606
1346.85	3595
1344.95	3649
1343.04	3597
1341.14	3661
1339.23	3627
1337.32	3594
1335.42	3653
1333.51	3699
1331.6	3707
1329.69	3694
1327.78	3733
1325.86	3751
1323.95	3758
1322.04	3704
1320.13	3775
1318.21	3793
1316.3	3758
1314.38	3853
1312.46	3786
1310.55	3898
1308.63	3887
1306.71	3859
1304.79	3925
1302.87	3931
1300.95	3935
1299.03	3938
1297.1	4022
1295.18	4007
1293.26	4044
1291.33	4060
1289.41	4061
1287.48	4059
1285.55	4174
1283.63	4168
1281.7	4128
1279.77	4249
1277.84	4208
1275.91	4207
1273.98	4182
1272.05	4206
1270.11	4215
1268.18	4236
1266.24	4206
1264.31	4233
1262.37	4251
1260.44	4228
1258.5	4164
1256.56	4183
1254.62	4197
1252.68	4140
1250.74	4082
1248.8	4114
1246.86	4038
1244.92	4063
1242.98	4010
1241.03	3969
1239.09	3943
1237.14	3971
1235.2	3812
1233.25	3927
1231.3	3823
1229.35	3794
1227.4	3736
1225.45	3634
1223.5	3652
1221.55	3586
1219.6	3555
1217.65	3478
1215.69	3469
1213.74	3480
1211.78	3369
1209.83	3396
1207.87	3297
1205.91	3275
1203.96	3250
1202	3193
1200.04	3164
1198.08	3187
1196.12	3184
1194.15	3133
1192.19	3141
1190.23	3088
1188.26	3112
1186.3	3098
1184.33	3075
1182.37	3073
1180.4	3046
1178.43	3022
1176.46	3025
1174.49	3050
1172.52	3019
1170.55	3007
1168.58	3103
1166.61	2993
1164.64	3013
1162.66	3010
1160.69	2998
1158.71	2996
1156.73	3011
1154.76	3001
1152.78	3021
1150.8	3001
1148.82	3022
1146.84	3032
1144.86	3057
1142.88	3039
1140.9	3047
1138.91	3009
1136.93	2984
1134.95	2997
1132.96	3024
1130.97	3012
1128.99	3021
1127	3062
1125.01	3005
1123.02	2982
1121.03	2990
1119.04	3005
1117.05	3031
1115.06	3013
1113.07	2949
1111.07	2987
1109.08	2993
1107.08	2986
1105.09	2943
1103.09	3009
1101.09	3024
1099.09	2965
1097.09	2959
1095.09	2968
1093.09	2959
1091.09	2958
1089.09	2969
1087.09	2964
1085.08	2928
1083.08	2894
1081.07	2925
1079.07	2903
1077.06	2896
1075.05	2952
1073.04	2925
1071.03	2879
1069.02	2960
1067.01	2892
1065	2976
1062.99	2939
1060.98	2844
1058.96	2860
1056.95	2878
1054.93	2886
1052.92	2846
1050.9	2836
1048.88	2838
1046.86	2829
1044.84	2741
1042.82	2739
1040.8	2790
1038.78	2751
1036.76	2713
1034.74	2739
1032.71	2750
1030.69	2685
1028.66	2690
1026.64	2731
1024.61	2708
1022.58	2661
1020.55	2671
1018.52	2675
1016.49	2660
1014.46	2668
1012.43	2677
1010.4	2662
1008.36	2614
1006.33	2670
1004.29	2604
1002.26	2631
1000.22	2653
998.184	2593
996.146	2611
994.108	2702
992.068	2650
990.028	2637
987.986	2637
985.944	2644
983.901	2685
981.858	2673
979.813	2717
977.768	2687
975.722	2656
973.675	2695
971.627	2677
969.579	2695
967.53	2706
965.48	2710
963.429	2710
961.377	2711
959.325	2714
957.273	2709
955.218	2731
953.163	2745
951.108	2752
949.051	2763
946.994	2735
944.936	2702
942.878	2763
940.818	2750
938.758	2776
936.697	2836
934.634	2805
932.572	2806
930.509	2801
928.444	2742
926.379	2786
924.313	2815
922.246	2833
920.179	2859
918.111	2845
916.041	2845
913.972	2816
911.901	2891
909.829	2820
907.757	2907
905.684	2917
903.61	2896
901.535	2930
899.46	2866
897.383	2916
895.306	2953
893.228	2918
891.149	2983
889.069	2943
886.989	3022
884.908	2957
882.826	2971
880.743	3032
878.659	3006
876.575	3023
874.49	3037
872.403	3114
870.317	3132
868.229	3071
866.141	3146
864.051	3193
861.961	3179
859.87	3206
857.779	3212
855.685	3217
853.592	3335
851.498	3272
849.403	3307
847.307	3324
845.211	3287
843.113	3330
841.015	3328
838.916	3278
836.816	3360
834.715	3322
832.613	3407
830.511	3356
828.408	3389
826.304	3376
824.199	3387
822.093	3378
819.987	3440
817.879	3389
815.771	3452
813.663	3448
811.553	3405
809.442	3402
807.331	3405
805.218	3456
803.105	3422
800.992	3479
798.877	3491
796.761	3497
794.645	3520
792.527	3417
790.41	3542
788.291	3514
786.171	3529
784.051	3536
781.929	3555
779.807	3595
777.684	3639
775.56	3667
773.436	3636
771.31	3674
769.184	3698
767.057	3724
764.929	3776
762.8	3766
760.67	3769
758.54	3793
756.409	3788
754.277	3814
752.143	3803
750.01	3847
747.875	3851
745.74	3878
743.603	3891
741.466	3926
739.328	3856
737.189	3898
735.049	3913
732.909	3942
730.768	3971
728.626	3928
726.483	3907
724.339	3981
722.194	3881
720.049	3960
717.903	3926
715.755	3920
713.607	3977
711.458	3957
709.308	3890
707.158	3987
705.007	3946
702.855	3947
700.701	3921
698.548	3917
696.393	3984
694.237	3969
692.081	3946
689.923	3941
687.765	3935
685.606	3958
683.446	3945
681.286	3945
679.124	3993
676.962	3978
674.798	3993
672.635	3967
670.469	4075
668.304	4041
666.137	3981
663.969	4067
661.801	4042
659.632	4078
657.462	4055
655.291	4133
653.119	4162
650.947	4207
648.773	4151
646.599	4208
644.424	4259
642.248	4197
640.071	4214
637.893	4272
635.714	4244
633.535	4322
631.354	4311
629.173	4319
626.992	4380
624.809	4390
622.625	4381
620.44	4348
618.255	4382
616.069	4436
613.882	4391
611.694	4419
609.505	4452
607.315	4391
605.124	4448
602.933	4468
600.741	4498
598.548	4450
596.354	4500
594.158	4562
591.963	4526
589.766	4543
587.569	4585
585.37	4604
583.171	4555
580.971	4623
578.769	4518
576.569	4617
574.365	4610
572.161	4660
569.957	4640
567.752	4653
565.545	4707
563.339	4729
561.13	4688
558.922	4796
556.712	4739
554.502	4720
552.291	4817
550.078	4786
547.865	4880
545.651	4884
543.436	4892
541.22	4895
539.004	4843
536.787	4938
534.568	4984
532.349	5054
530.128	5082
527.907	5054
525.686	5105
523.463	5138
521.239	5185
519.015	5147
516.789	5235
514.563	5237
512.335	5233
510.107	5195
507.879	5266
505.648	5296
503.418	5281
501.186	5373
498.954	5300
496.721	5357
494.486	5302
492.251	5335
490.015	5371
487.778	5426
485.541	5303
483.302	5385
481.063	5344
478.822	5402
476.581	5407
474.338	5384
472.096	5435
469.851	5498
467.607	5497
465.361	5492
463.114	5538
460.867	5572
458.618	5595
456.369	5565
454.119	5674
451.868	5655
449.616	5760
447.363	5788
445.11	5779
442.854	5731
440.599	5718
438.343	5788
436.085	5756
433.827	5866
431.568	5902
429.308	5961
427.047	6002
424.786	5936
422.522	5981
420.259	6021
417.994	6073
415.729	6019
413.463	5976
411.196	6033
408.927	6035
406.658	6035
404.389	5998
402.118	6044
399.846	6077
397.573	6070
395.3	6068
393.025	6035
390.75	6054
388.474	6019
386.196	6075
383.919	6128
381.64	6066
379.36	6109
377.08	6132
374.798	6138
372.515	6092
370.231	6139
367.947	6069
365.662	6270
363.376	6205
361.089	6216
358.801	6184
356.511	6267
354.222	6223
351.931	6275
349.639	6210
347.347	6324
345.053	6356
342.759	6366
340.463	6344
338.167	6463
335.871	6468
333.572	6494
331.273	6521
328.974	6534
326.673	6624
324.371	6660
322.068	6689
319.765	6687
317.46	6863
315.154	6878
312.849	7006
310.541	7133
308.233	7186
305.924	7370
303.614	7299
301.303	7451
298.992	7649
296.679	7783
294.365	7955
292.051	8004
289.734	8196
287.418	8415
285.101	8590
282.783	8638
280.463	8906
278.144	9122
275.822	9186
273.5	9569
271.178	9647
268.853	9907
266.529	10187
264.203	10375
261.876	10689
259.548	10958
257.22	11236
254.891	11508
252.561	11726
250.229	12089
247.897	12319
245.564	12720
243.23	12904
240.895	13405
238.559	13851
236.222	14096
233.884	14370
231.545	14910
229.206	15193
226.865	15576
224.524	16008
222.181	16487
219.838	16853
217.493	17309
215.148	17838
212.802	18320
210.455	18782
208.106	19221
205.758	19743
203.407	20261
201.056	20828
198.705	21269
196.351	21915
193.997	22278
191.643	22741
189.288	23318
186.931	23939
184.574	24344
182.214	24647
179.855	25329
177.495	25917
175.134	26158
172.771	26590
170.408	26814
168.044	27085
165.679	27501
163.312	28057
160.946	28261
158.578	28479
156.208	28603
153.838	29267
151.468	29555
149.097	29877
146.724	29938
144.349	30374
141.975	30938
139.599	31604
137.223	31925
134.846	32329
132.467	32521
130.088	33089
127.707	33626
125.326	34261
122.944	34769
120.56	35711
118.177	36455
115.791	37411
113.405	38523
111.018	39571
108.63	40740
106.241	41962
103.851	43306
101.46	44654
99.0686	46356
96.675	47822
94.2815	49933
91.8872	52441
89.4909	55191
87.0947	58206
84.6966	61287
82.2976	64524
79.8987	64524
77.4979	64524
75.0962	64524
72.6935	64524
70.29	64524
67.8855	64524
65.4801	64524
63.0739	64524
60.6667	64524
58.2586	64524
55.8495	64524
53.4386	64524
51.0278	64524
48.616	64524
46.2023	64524
43.7887	64524
41.3732	64524
38.9568	64524
36.5404	64524
34.1222	64524
31.703	64524
29.2829	64524
26.8618	64524
24.4399	64524
22.017	64524
19.5932	64524
17.1685	64524
14.7429	64524
12.3153	64524
9.88782	64524
7.4594	64524
5.02907	64524
2.5988	64524
0.166609	64524
-2.26552	64524
-4.69956	64524
-7.13454	64524
-9.57045	64524
-12.0063	64524
-14.4441	64524
-16.8828	64524
-19.3224	64524
-21.763	64524
-24.2045	64524
-26.6479	64524
-29.0913	64524
-31.5356	64524
-33.9808	64524
-36.428	64524
-38.8751	64524
-41.3241	64524
-43.7731	64524
-46.224	64524
-48.6749	64524
-51.1277	64524
-53.5814	64524
-56.0361	64524
-58.4907	64524
-60.9473	64524
-63.4048	59328
-65.8633	52496
-68.3227	46028
-70.783	40616
-73.2453	35997
-75.7075	31948
-78.1707	28376
-80.6348	25736
-83.1009	23254
-85.5669	21253
-88.0349	19426
-90.5028	17838
-92.9727	16470
-95.4425	15193
-97.9143	13925
-100.387	12557
-102.861	11399
-105.334	10429
-107.81	9447
-110.286	8547
-112.764	7787
-115.242	7134
-117.722	6795
-120.203	6392
-122.684	6058
-125.167	5640
-127.65	5065
-130.135	4492
-132.62	4036
-135.106	3653
-137.594	3282
-140.082	3077
-142.572	2938
-145.063	2712
-147.554	2539
-150.047	2263
-152.541	2019
-155.036	1823
-157.532	1702
-160.028	1640
-162.526	1582
-165.025	1492
-167.525	1382
-170.025	1313
-172.527	1192
-175.029	1143
-177.534	1156
-180.038	1087
-182.544	1005
-185.051	958
-187.559	916
-190.068	900
-192.577	946
-195.089	897
-197.6	855
-200.113	810
-202.628	834
-205.143	805
-207.659	783
-210.176	764
-212.694	769
-215.213	759
-217.734	773
-220.255	742
-222.777	730
-225.3	683
-227.824	692
-230.349	685
-232.876	645
-235.403	675
-237.932	666
-240.461	646
-242.992	615
-245.523	597
-248.056	612
-250.589	581
-253.124	595
-255.66	588
-258.197	595
-260.734	570
-263.273	541
-265.813	550
-268.354	596
-270.896	520
-273.439	549
-275.982	511
-278.527	489
-281.074	502
-283.621	498
-286.169	483
-288.718	458
-291.269	455
-293.82	463
-296.372	451
-298.925	440
-301.48	435
-304.035	426
-306.592	410
-309.15	414
-311.708	412
-314.268	410
-316.828	409
-319.39	385
-321.953	401
-324.517	386
-327.082	389
-329.648	387
-332.215	399
-334.783	369
-337.352	359
-339.922	357
-342.493	346
-345.066	356
-347.639	341
-350.213	360
-352.789	349
-355.365	339
-357.943	340
-360.521	337
-363.101	330
-365.681	341
-368.263	326
-370.847	308
-373.431	315
-376.015	321
-378.601	307
-381.188	311
-383.777	316
-386.366	302
-388.956	305
-391.548	312
-394.14	284
-396.733	306
-399.328	275
-401.923	283
-404.521	284
-407.118	266
-409.717	277
-412.317	266
-414.918	272
-417.52	276
-420.123	257
-422.727	257
-425.332	271
-427.939	250
-430.546	258
-433.155	243
-435.764	263
-438.374	260
-440.986	237
-443.599	233
-446.213	246
-448.828	240
-451.444	246
-454.061	255
-456.68	235
-459.299	231
-461.919	230
-464.54	233
-467.163	234
-469.786	254
-472.411	214
-475.037	233
-477.663	231
-480.292	233
-482.92	215
-485.551	215
-488.182	223
-490.814	208
-493.447	249
-496.082	206
-498.717	234
-501.354	210
-503.992	210
-506.63	209
-509.27	219
-511.911	221
-514.553	219
-517.197	221
-519.841	201
-522.486	214
-525.133	205
-527.78	192
-530.429	211
-533.078	215
-535.729	201
-538.381	219
-541.034	222
-543.688	196
-546.343	222
-548.999	199
-551.657	218
-554.316	209
-556.975	214
-559.636	219
-562.297	200
-564.961	203
-567.625	201
-570.29	215
-572.956	190
-575.623	218
-578.292	192
-580.961	189
-583.632	196
-586.303	217
-588.976	197
-591.65	218
-594.326	209
-597.002	228
-599.679	197
-602.358	213
-605.037	209
-607.718	213
-610.399	194
-613.082	227
-615.767	205
-618.452	193
-621.138	201
-623.825	213
-626.514	198
-629.203	223
-631.893	205
-634.586	215
-637.278	207
-639.973	219
-642.667	226
-645.364	221
-648.061	196
-650.76	238
-653.46	204
-656.16	221
-658.862	203
-661.566	216
-664.269	221
-666.974	232
-669.681	231
-672.389	226
-675.097	228
-677.807	211
-680.518	226
-683.23	220
-685.943	227
-688.658	242
-691.373	216
-694.089	209
-696.807	236
-699.526	202
-702.245	209
-704.966	234
-707.689	223
-710.412	216
-713.136	221
-715.863	209
-718.589	221
-721.317	220
-724.046	216
-726.776	203
-729.508	219
-732.24	211
-734.974	208
-737.709	220
-740.444	224
-743.182	212
-745.919	204
-748.659	224
-751.399	228
-754.141	222
-756.883	222
-759.627	202
-762.372	216
-765.119	230
-767.866	245
-770.615	209
-773.365	203
-776.115	226
-778.867	213
-781.62	213
-784.375	217
-787.13	226
-789.886	215
-792.644	215
-795.402	239
-798.162	219
-800.924	203
-803.686	208
-806.449	240
-809.215	240
-811.98	224
-814.747	226
-817.516	218
-820.284	226
-823.054	214
-825.827	204
-828.599	211
-831.373	225
-834.149	225
-836.924	215
-839.702	204
-842.48	226
-845.26	239
-848.042	223
-850.823	218
-853.606	218
-856.391	217
-859.177	212
-861.963	208
-864.751	223
-867.54	215
-870.331	203
-873.122	224
-875.915	222
-878.709	222
-881.504	226
-884.3	204
-887.097	198
-889.895	209
-892.695	219
-895.496	209
-898.298	220
-901.101	213
-903.905	215
-906.711	212
-909.518	223
-912.325	212
-915.134	213
-917.945	210
-920.756	222
-923.569	214
-926.383	206
-929.198	223
-932.013	223
-934.831	223
-937.649	225
-940.47	233
-943.29	214
-946.113	214
-948.936	228
-951.761	227
-954.586	223
-957.413	231
-960.242	221
-963.07	230
-965.901	242
-968.733	224
-971.565	222
-974.399	255
-977.235	237
-980.072	217
-982.908	234
-985.747	235
-988.588	228
-991.429	237
-994.271	245
-997.115	241
-999.96	242
-1002.81	226
-1005.65	253
-1008.5	251
-1011.35	229
-1014.2	249
-1017.05	237
-1019.91	239
-1022.76	254
-1025.62	249
-1028.47	265
-1031.33	245
-1034.19	252
-1037.05	249
-1039.91	265
-1042.78	247
-1045.64	249
-1048.51	246
-1051.37	249
-1054.24	251
-1057.11	274
-1059.98	265
-1062.85	255
-1065.72	271
-1068.6	272
-1071.47	261
-1074.35	279
-1077.23	288
-1080.11	286
-1082.99	306
-1085.87	283
-1088.75	284
-1091.63	278
-1094.52	295
-1097.4	277
-1100.29	288
-1103.18	284
-1106.07	275
-1108.96	284
-1111.85	287
-1114.75	306
-1117.64	290
-1120.54	304
-1123.43	300
-1126.33	312
-1129.23	325
-1132.13	309
-1135.03	326
-1137.94	332
-1140.84	320
-1143.75	327
-1146.65	373
-1149.56	351
-1152.47	366
-1155.38	368
-1158.3	352
-1161.21	381
-1164.12	386
-1167.04	383
-1169.96	410
-1172.87	444
-1175.79	467
-1178.71	493
-1181.64	534
-1184.56	587
-1187.48	674
-1190.41	738
-1193.33	885
-1196.26	969
-1199.19	1070
-1202.12	1173
-1205.06	1353
-1207.99	1505
-1210.92	1649
-1213.86	1823
-1216.8	1941
-1219.73	2081
-1222.67	2243
-1225.61	2467
-1228.55	2802
-1231.5	3103
-1234.44	3447
-1237.39	3850
-1240.33	4476
-1243.28	5571
-1246.23	7674
-1249.18	9504
-1252.14	10931
-1255.09	12720
-1258.04	13718
-1261	14743
-1263.96	14276
-1266.91	14076
-1269.87	12884
-1272.83	11683
-1275.8	9832
-1278.76	8066
-1281.72	6256
-1284.69	4416
-1287.66	2680
-1290.62	1742
-1293.59	1279
-1296.57	1156
-1299.54	900
-1302.51	752
-1305.49	663
-1308.46	652
-1311.44	600
-1314.42	596
-1317.4	584
-1320.38	582
-1323.36	574
-1326.34	560
-1329.33	540
-1332.32	586
-1335.3	579
-1338.29	543
-1341.28	548
-1344.27	506
-1347.27	539
-1350.26	572
-1353.26	562
-1356.25	550
-1359.25	515
-1362.25	492
-1365.25	474
-1368.25	479
-1371.25	467
-1374.26	444
-1377.26	440
-1380.27	427
-1383.28	376
-1386.29	342
-1389.3	294
-1392.31	304
