2745.96	330
2744.58	339
2743.19	323
2741.81	346
2740.42	340
2739.03	323
2737.64	352
2736.25	356
2734.86	329
2733.47	336
2732.08	334
2730.69	370
2729.3	360
2727.91	355
2726.51	340
2725.12	343
2723.73	351
2722.33	364
2720.94	324
2719.54	322
2718.15	352
2716.75	358
2715.35	348
2713.96	356
2712.56	371
2711.16	348
2709.76	335
2708.36	340
2706.96	342
2705.56	336
2704.16	362
2702.76	352
2701.36	354
2699.96	331
2698.56	356
2697.15	353
2695.75	366
2694.34	367
2692.94	368
2691.53	364
2690.13	375
2688.72	373
2687.31	384
2685.91	374
2684.5	390
2683.09	344
2681.68	373
2680.27	376
2678.86	387
2677.45	367
2676.04	370
2674.63	367
2673.22	390
2671.81	358
2670.39	358
2668.98	369
2667.57	368
2666.15	371
2664.74	389
2663.32	375
2661.91	365
2660.49	374
2659.07	376
2657.65	365
2656.24	384
2654.82	397
2653.4	399
2651.98	364
2650.56	407
2649.14	398
2647.72	399
2646.3	382
2644.87	390
2643.45	404
2642.03	393
2640.61	396
2639.18	421
2637.76	419
2636.33	422
2634.91	405
2633.48	416
2632.05	399
2630.62	430
2629.2	415
2627.77	447
2626.34	432
2624.91	418
2623.48	405
2622.05	414
2620.62	428
2619.19	394
2617.76	421
2616.32	419
2614.89	413
2613.46	420
2612.02	403
2610.59	407
2609.15	410
2607.72	437
2606.28	414
2604.85	418
2603.41	424
2601.97	423
2600.53	429
2599.09	403
2597.65	423
2596.22	420
2594.78	442
2593.33	417
2591.89	430
2590.45	446
2589.01	446
2587.57	463
2586.12	427
2584.68	435
2583.23	455
2581.79	445
2580.34	480
2578.9	462
2577.45	438
2576	450
2574.56	441
2573.11	456
2571.66	441
2570.21	449
2568.76	467
2567.31	463
2565.86	468
2564.41	461
2562.96	469
2561.51	478
2560.05	474
2558.6	468
2557.15	507
2555.69	485
2554.24	505
2552.78	481
2551.32	496
2549.87	486
2548.41	471
2546.95	477
2545.5	499
2544.04	490
2542.58	491
2541.12	522
2539.66	515
2538.2	488
2536.74	507
2535.27	506
2533.81	513
2532.35	498
2530.89	526
2529.42	506
2527.96	519
2526.49	545
2525.03	521
2523.56	507
2522.09	533
2520.63	514
2519.16	513
2517.69	527
2516.22	514
2514.75	529
2513.28	537
2511.81	537
2510.34	518
2508.87	525
2507.4	517
2505.93	539
2504.45	529
2502.98	533
2501.51	509
2500.03	549
2498.56	540
2497.08	543
2495.6	581
2494.13	539
2492.65	547
2491.17	556
2489.69	592
2488.22	559
2486.74	546
2485.26	574
2483.78	584
2482.29	580
2480.81	570
2479.33	567
2477.85	563
2476.36	536
2474.88	564
2473.4	597
2471.91	572
2470.43	580
2468.94	582
2467.45	564
2465.97	589
2464.48	578
2462.99	596
2461.5	587
2460.01	596
2458.52	597
2457.03	599
2455.54	600
2454.05	602
2452.56	586
2451.07	607
2449.57	618
2448.08	596
2446.59	611
2445.09	615
2443.6	582
2442.1	599
2440.6	606
2439.11	628
2437.61	636
2436.11	623
2434.61	576
2433.12	641
2431.62	632
2430.12	604
2428.62	622
2427.11	634
2425.61	641
2424.11	636
2422.61	636
2421.1	635
2419.6	645
2418.1	655
2416.59	660
2415.09	634
2413.58	644
2412.07	669
2410.57	618
2409.06	632
2407.55	685
2406.04	662
2404.53	659
2403.02	665
2401.51	652
2400	653
2398.49	691
2396.98	676
2395.46	675
2393.95	686
2392.44	681
2390.92	662
2389.41	658
2387.89	694
2386.38	681
2384.86	711
2383.34	659
2381.82	703
2380.31	695
2378.79	709
2377.27	708
2375.75	704
2374.23	740
2372.71	720
2371.19	719
2369.66	720
2368.14	690
2366.62	730
2365.09	738
2363.57	704
2362.04	758
2360.52	725
2358.99	717
2357.47	713
2355.94	740
2354.41	731
2352.88	735
2351.35	721
2349.83	741
2348.3	730
2346.77	708
2345.23	746
2343.7	759
2342.17	715
2340.64	753
2339.1	776
2337.57	763
2336.04	760
2334.5	750
2332.97	765
2331.43	774
2329.89	802
2328.36	796
2326.82	755
2325.28	785
2323.74	795
2322.2	781
2320.66	762
2319.12	790
2317.58	785
2316.04	790
2314.5	785
2312.95	805
2311.41	819
2309.87	797
2308.32	803
2306.78	803
2305.23	803
2303.68	804
2302.14	833
2300.59	818
2299.04	834
2297.49	818
2295.94	840
2294.39	837
2292.84	837
2291.29	843
2289.74	815
2288.19	846
2286.64	819
2285.09	849
2283.53	864
2281.98	840
2280.42	851
2278.87	860
2277.31	873
2275.76	876
2274.2	894
2272.64	876
2271.08	878
2269.52	879
2267.96	890
2266.4	885
2264.84	878
2263.28	883
2261.72	870
2260.16	887
2258.6	915
2257.03	899
2255.47	894
2253.9	919
2252.34	952
2250.77	934
2249.21	934
2247.64	939
2246.07	970
2244.51	968
2242.94	897
2241.37	931
2239.8	970
2238.23	977
2236.66	966
2235.09	949
2233.51	982
2231.94	951
2230.37	973
2228.79	1005
2227.22	959
2225.65	977
2224.07	1000
2222.49	1001
2220.92	977
2219.34	984
2217.76	1011
2216.18	996
2214.61	1009
2213.03	1015
2211.45	1036
2209.86	1026
2208.28	1006
2206.7	1025
2205.12	1038
2203.54	1048
2201.95	1069
2200.37	1031
2198.78	1043
2197.2	1041
2195.61	1068
2194.03	1043
2192.44	1076
2190.85	1080
2189.26	1061
2187.67	1098
2186.09	1092
2184.5	1120
2182.9	1138
2181.31	1097
2179.72	1109
2178.13	1060
2176.54	1108
2174.94	1115
2173.35	1105
2171.75	1157
2170.16	1136
2168.56	1110
2166.97	1132
2165.37	1145
2163.77	1151
2162.17	1132
2160.58	1147
2158.98	1128
2157.38	1157
2155.78	1184
2154.17	1154
2152.57	1142
2150.97	1188
2149.37	1177
2147.76	1220
2146.16	1193
2144.56	1213
2142.95	1174
2141.34	1193
2139.74	1210
2138.13	1197
2136.52	1217
2134.91	1199
2133.31	1211
2131.7	1201
2130.09	1209
2128.48	1221
2126.86	1232
2125.25	1210
2123.64	1231
2122.03	1213
2120.41	1219
2118.8	1234
2117.18	1235
2115.57	1184
2113.95	1227
2112.34	1278
2110.72	1217
2109.1	1260
2107.48	1274
2105.86	1268
2104.25	1235
2102.63	1251
2101	1260
2099.38	1273
2097.76	1234
2096.14	1272
2094.52	1234
2092.89	1270
2091.27	1285
2089.64	1279
2088.02	1250
2086.39	1265
2084.76	1269
2083.14	1281
2081.51	1266
2079.88	1283
2078.25	1285
2076.62	1261
2074.99	1297
2073.36	1267
2071.73	1352
2070.1	1297
2068.46	1343
2066.83	1313
2065.2	1300
2063.56	1318
2061.93	1313
2060.29	1328
2058.65	1311
2057.02	1344
2055.38	1333
2053.74	1289
2052.1	1324
2050.46	1312
2048.82	1326
2047.18	1291
2045.54	1347
2043.9	1342
2042.26	1316
2040.61	1331
2038.97	1330
2037.33	1318
2035.68	1309
2034.04	1284
2032.39	1328
2030.74	1337
2029.1	1313
2027.45	1313
2025.8	1320
2024.15	1332
2022.5	1317
2020.85	1297
2019.2	1321
2017.55	1362
2015.89	1352
2014.24	1285
2012.59	1339
2010.93	1335
2009.28	1331
2007.62	1356
2005.97	1319
2004.31	1340
2002.65	1316
2001	1346
1999.34	1354
1997.68	1362
1996.02	1354
1994.36	1308
1992.7	1357
1991.04	1373
1989.38	1373
1987.71	1385
1986.05	1396
1984.39	1377
1982.72	1365
1981.06	1347
1979.39	1361
1977.72	1356
1976.06	1361
1974.39	1359
1972.72	1350
1971.05	1371
1969.38	1384
1967.71	1411
1966.04	1420
1964.37	1437
1962.7	1406
1961.03	1402
1959.35	1436
1957.68	1454
1956	1407
1954.33	1423
1952.65	1441
1950.98	1436
1949.3	1425
1947.62	1404
1945.94	1456
1944.27	1439
1942.59	1416
1940.91	1365
1939.23	1418
1937.54	1442
1935.86	1430
1934.18	1458
1932.5	1463
1930.81	1481
1929.13	1479
1927.44	1437
1925.76	1461
1924.07	1446
1922.39	1473
1920.7	1496
1919.01	1485
1917.32	1475
1915.63	1479
1913.94	1447
1912.25	1482
1910.56	1505
1908.87	1500
1907.17	1486
1905.48	1504
1903.79	1501
1902.09	1497
1900.4	1518
1898.7	1507
1897.01	1528
1895.31	1561
1893.61	1559
1891.91	1561
1890.21	1558
1888.51	1544
1886.81	1589
1885.11	1572
1883.41	1593
1881.71	1591
1880.01	1610
1878.3	1583
1876.6	1554
1874.9	1613
1873.19	1630
1871.48	1643
1869.78	1612
1868.07	1657
1866.36	1685
1864.65	1671
1862.95	1650
1861.24	1658
1859.53	1697
1857.81	1663
1856.1	1708
1854.39	1701
1852.68	1727
1850.96	1759
1849.25	1752
1847.54	1762
1845.82	1721
1844.1	1770
1842.39	1790
1840.67	1782
1838.95	1805
1837.23	1819
1835.51	1809
1833.79	1817
1832.07	1861
1830.35	1815
1828.63	1842
1826.91	1847
1825.18	1899
1823.46	1875
1821.74	1930
1820.01	1913
1818.29	1914
1816.56	1912
1814.83	1952
1813.1	1955
1811.38	1985
1809.65	1985
1807.92	1994
1806.19	2046
1804.46	1988
1802.73	2079
1800.99	2099
1799.26	1985
1797.53	2083
1795.79	2048
1794.06	2106
1792.32	2090
1790.59	2151
1788.85	2138
1787.11	2160
1785.37	2133
1783.64	2205
1781.9	2230
1780.16	2249
1778.42	2178
1776.67	2237
1774.93	2277
1773.19	2273
1771.45	2277
1769.7	2317
1767.96	2367
1766.21	2397
1764.47	2365
1762.72	2381
1760.97	2425
1759.23	2448
1757.48	2451
1755.73	2439
1753.98	2469
1752.23	2523
1750.48	2552
1748.73	2562
1746.97	2598
1745.22	2563
1743.47	2654
1741.71	2648
1739.96	2691
1738.2	2735
1736.44	2724
1734.69	2759
1732.93	2828
1731.17	2808
1729.41	2826
1727.65	2908
1725.89	2900
1724.13	2982
1722.37	2996
1720.61	3045
1718.85	2982
1717.08	3082
1715.32	3097
1713.55	3088
1711.79	3163
1710.02	3247
1708.25	3201
1706.49	3211
1704.72	3236
1702.95	3362
1701.18	3296
1699.41	3401
1697.64	3464
1695.87	3476
1694.09	3539
1692.32	3580
1690.55	3569
1688.77	3636
1687	3640
1685.22	3680
1683.45	3696
1681.67	3797
1679.89	3864
1678.11	3834
1676.34	3852
1674.56	3898
1672.78	3897
1671	3978
1669.21	3933
1667.43	4028
1665.65	4015
1663.86	4135
1662.08	4063
1660.3	4117
1658.51	4126
1656.72	4164
1654.94	4234
1653.15	4212
1651.36	4253
1649.57	4243
1647.78	4268
1645.99	4289
1644.2	4280
1642.41	4313
1640.62	4276
1638.82	4358
1637.03	4249
1635.24	4338
1633.44	4335
1631.65	4314
1629.85	4335
1628.05	4321
1626.25	4277
1624.46	4214
1622.66	4315
1620.86	4282
1619.06	4277
1617.26	4251
1615.45	4271
1613.65	4218
1611.85	4337
1610.04	4257
1608.24	4156
1606.43	4176
1604.63	4183
1602.82	4213
1601.02	4213
1599.21	4154
1597.4	4104
1595.59	4170
1593.78	4069
1591.97	4103
1590.16	4033
1588.35	4118
1586.53	4079
1584.72	4037
1582.91	4006
1581.09	4031
1579.28	4015
1577.46	4008
1575.64	3921
1573.82	3995
1572.01	3926
1570.19	3986
1568.37	3866
1566.55	3977
1564.73	3986
1562.91	3973
1561.08	3893
1559.26	3845
1557.44	3865
1555.61	3899
1553.79	3867
1551.96	3831
1550.14	3819
1548.31	3867
1546.48	3816
1544.65	3808
1542.82	3816
1540.99	3764
1539.16	3762
1537.33	3810
1535.5	3826
1533.67	3756
1531.83	3786
1530	3755
1528.16	3709
1526.33	3767
1524.49	3676
1522.66	3663
1520.82	3700
1518.98	3731
1517.14	3664
1515.3	3702
1513.46	3666
1511.62	3626
1509.78	3680
1507.94	3640
1506.09	3679
1504.25	3671
1502.41	3655
1500.56	3660
1498.71	3670
1496.87	3694
1495.02	3666
1493.17	3658
1491.32	3676
1489.47	3709
1487.63	3677
1485.77	3649
1483.92	3695
1482.07	3678
1480.22	3691
1478.36	3695
1476.51	3687
1474.66	3694
1472.8	3617
1470.94	3682
1469.09	3734
1467.23	3662
1465.37	3713
1463.51	3675
1461.65	3707
1459.79	3735
1457.93	3713
1456.07	3705
1454.2	3682
1452.34	3708
1450.48	3706
1448.61	3695
1446.75	3655
1444.88	3661
1443.01	3682
1441.14	3691
1439.28	3686
1437.41	3588
1435.54	3629
1433.67	3657
1431.8	3642
1429.92	3617
1428.05	3684
1426.18	3571
1424.3	3607
1422.43	3601
1420.55	3589
1418.68	3586
1416.8	3566
1414.92	3606
1413.04	3537
1411.17	3569
1409.29	3475
1407.41	3585
1405.52	3583
1403.64	3547
1401.76	3553
1399.88	3564
1397.99	3583
1396.11	3538
1394.22	3510
1392.34	3507
1390.45	3542
1388.56	3560
1386.67	3569
1384.78	3493
1382.89	3554
1381	3517
1379.11	3534
1377.22	3533
1375.33	3543
1373.43	3575
1371.54	3527
1369.65	3583
1367.75	3597
1365.85	3584
1363.96	3618
1362.06	3536
1360.16	3568
1358.26	3639
1356.36	3568
1354.46	3631
1352.56	3634
1350.66	3656
1348.75	3596
1346.85	3678
1344.95	3618
1343.04	3675
1341.14	3674
1339.23	3584
1337.32	3691
1335.42	3627
1333.51	3678
1331.6	3673
1329.69	3746
1327.78	3680
1325.86	3774
1323.95	3727
1322.04	3805
1320.13	3705
1318.21	3744
1316.3	3773
1314.38	3820
1312.46	3835
1310.55	3853
1308.63	3856
1306.71	3855
1304.79	3912
1302.87	3930
1300.95	3879
1299.03	3992
1297.1	3998
1295.18	4116
1293.26	4037
1291.33	4130
1289.41	4126
1287.48	4101
1285.55	4150
1283.63	4167
1281.7	4129
1279.77	4173
1277.84	4255
1275.91	4227
1273.98	4240
1272.05	4181
1270.11	4263
1268.18	4272
1266.24	4284
1264.31	4220
1262.37	4205
1260.44	4194
1258.5	4164
1256.56	4144
1254.62	4176
1252.68	4175
1250.74	4153
1248.8	4120
1246.86	4074
1244.92	3992
1242.98	3996
1241.03	3957
1239.09	3940
1237.14	3919
1235.2	3960
1233.25	3838
1231.3	3797
1229.35	3726
1227.4	3676
1225.45	3648
1223.5	3613
1221.55	3551
1219.6	3505
1217.65	3526
1215.69	3456
1213.74	3373
1211.78	3394
1209.83	3343
1207.87	3285
1205.91	3232
1203.96	3257
1202	3189
1200.04	3180
1198.08	3151
1196.12	3144
1194.15	3171
1192.19	3145
1190.23	3126
1188.26	3138
1186.3	3086
1184.33	3070
1182.37	3061
1180.4	3055
1178.43	3043
1176.46	3049
1174.49	3027
1172.52	3091
1170.55	3064
1168.58	3012
1166.61	3019
1164.64	3016
1162.66	3050
1160.69	2966
1158.71	3076
1156.73	3064
1154.76	3058
1152.78	3113
1150.8	2987
1148.82	3034
1146.84	3066
1144.86	3113
1142.88	3043
1140.9	3092
1138.91	3143
1136.93	3053
1134.95	3101
1132.96	3044
1130.97	3092
1128.99	3096
1127	3069
1125.01	3051
1123.02	3004
1121.03	3064
1119.04	3042
1117.05	3089
1115.06	3048
1113.07	3034
1111.07	3076
1109.08	3061
1107.08	3035
1105.09	3016
1103.09	2987
1101.09	2978
1099.09	3025
1097.09	2970
1095.09	3002
1093.09	2958
1091.09	3017
1089.09	2935
1087.09	2949
1085.08	2945
1083.08	2925
1081.07	2911
1079.07	2952
1077.06	2961
1075.05	2889
1073.04	2949
1071.03	2900
1069.02	2896
1067.01	2873
1065	2957
1062.99	2913
1060.98	2836
1058.96	2930
1056.95	2885
1054.93	2905
1052.92	2881
1050.9	2888
1048.88	2851
1046.86	2831
1044.84	2793
1042.82	2783
1040.8	2816
1038.78	2778
1036.76	2778
1034.74	2757
1032.71	2740
1030.69	2810
1028.66	2721
1026.64	2697
1024.61	2721
1022.58	2668
1020.55	2689
1018.52	2585
1016.49	2669
1014.46	2623
1012.43	2644
1010.4	2633
1008.36	2655
1006.33	2637
1004.29	2642
1002.26	2638
1000.22	2609
998.184	2668
996.146	2631
994.108	2619
992.068	2673
990.028	2609
987.986	2642
985.944	2632
983.901	2644
981.858	2637
979.813	2671
977.768	2673
975.722	2712
973.675	2668
971.627	2697
969.579	2702
967.53	2749
965.48	2736
963.429	2732
961.377	2637
959.325	2731
957.273	2697
955.218	2736
953.163	2734
951.108	2749
949.051	2754
946.994	2741
944.936	2742
942.878	2777
940.818	2745
938.758	2781
936.697	2831
934.634	2803
932.572	2777
930.509	2809
928.444	2787
926.379	2828
924.313	2810
922.246	2817
920.179	2825
918.111	2822
916.041	2892
913.972	2915
911.901	2917
909.829	2901
907.757	2889
905.684	2884
903.61	2934
901.535	2899
899.46	2891
897.383	2907
895.306	2916
893.228	2923
891.149	2954
889.069	2970
886.989	2960
884.908	2962
882.826	2992
880.743	3017
878.659	3079
876.575	3110
874.49	3041
872.403	3140
870.317	3093
868.229	3142
866.141	3183
864.051	3109
861.961	3138
859.87	3221
857.779	3243
855.685	3230
853.592	3259
851.498	3301
849.403	3319
847.307	3244
845.211	3293
843.113	3314
841.015	3347
838.916	3304
836.816	3362
834.715	3349
832.613	3357
830.511	3398
828.408	3420
826.304	3431
824.199	3423
822.093	3383
819.987	3447
817.879	3396
815.771	3428
813.663	3370
811.553	3454
809.442	3428
807.331	3426
805.218	3454
803.105	3517
800.992	3487
798.877	3452
796.761	3521
794.645	3527
792.527	3573
790.41	3524
788.291	3518
786.171	3545
784.051	3516
781.929	3573
779.807	3594
777.684	3541
775.56	3659
773.436	3712
771.31	3643
769.184	3731
767.057	3693
764.929	3702
762.8	3776
760.67	3788
758.54	3760
756.409	3805
754.277	3821
752.143	3790
750.01	3836
747.875	3852
745.74	3881
743.603	3813
741.466	3865
739.328	3900
737.189	3948
735.049	3899
732.909	3939
730.768	3957
728.626	3902
726.483	3934
724.339	3882
722.194	3892
720.049	3933
717.903	3957
715.755	3919
713.607	3857
711.458	3982
709.308	3945
707.158	3921
705.007	3934
702.855	3925
700.701	3933
698.548	3947
696.393	3953
694.237	3921
692.081	3893
689.923	3929
687.765	3930
685.606	3963
683.446	3993
681.286	3981
679.124	3961
676.962	3995
674.798	3966
672.635	4011
670.469	4051
668.304	4039
666.137	4008
663.969	4067
661.801	4018
659.632	4128
657.462	4156
655.291	4136
653.119	4168
650.947	4177
648.773	4228
646.599	4208
644.424	4238
642.248	4236
640.071	4259
637.893	4258
635.714	4344
633.535	4347
631.354	4354
629.173	4342
626.992	4307
624.809	4394
622.625	4372
620.44	4425
618.255	4431
616.069	4412
613.882	4425
611.694	4484
609.505	4435
607.315	4466
605.124	4460
602.933	4461
600.741	4488
598.548	4500
596.354	4531
594.158	4560
591.963	4551
589.766	4560
587.569	4568
585.37	4628
583.171	4620
580.971	4582
578.769	4656
576.569	4596
574.365	4630
572.161	4698
569.957	4681
567.752	4680
565.545	4684
563.339	4703
561.13	4711
558.922	4739
556.712	4764
554.502	4798
552.291	4842
550.078	4848
547.865	4854
545.651	4960
543.436	4959
541.22	4991
539.004	5020
536.787	5075
534.568	5132
532.349	5094
530.128	5100
527.907	5156
525.686	5196
523.463	5234
521.239	5221
519.015	5214
516.789	5330
514.563	5370
512.335	5315
510.107	5339
507.879	5323
505.648	5317
503.418	5341
501.186	5388
498.954	5348
496.721	5338
494.486	5319
492.251	5357
490.015	5344
487.778	5412
485.541	5351
483.302	5378
481.063	5407
478.822	5396
476.581	5510
474.338	5470
472.096	5509
469.851	5558
467.607	5572
465.361	5543
463.114	5605
460.867	5569
458.618	5609
456.369	5702
454.119	5686
451.868	5675
449.616	5761
447.363	5767
445.11	5771
442.854	5773
440.599	5850
438.343	5871
436.085	5870
433.827	5962
431.568	5991
429.308	5947
427.047	6036
424.786	6029
422.522	6077
420.259	6044
417.994	6106
415.729	6058
413.463	6111
411.196	6053
408.927	6034
406.658	6131
404.389	6111
402.118	6138
399.846	6051
397.573	6093
395.3	6128
393.025	6132
390.75	6037
388.474	6080
386.196	6031
383.919	6088
381.64	6124
379.36	6101
377.08	6126
374.798	6182
372.515	6198
370.231	6120
367.947	6167
365.662	6167
363.376	6191
361.089	6223
358.801	6236
356.511	6240
354.222	6230
351.931	6264
349.639	6336
347.347	6338
345.053	6398
342.759	6355
340.463	6428
338.167	6480
335.871	6475
333.572	6461
331.273	6548
328.974	6590
326.673	6650
324.371	6686
322.068	6831
319.765	6854
317.46	6825
315.154	6909
312.849	6999
310.541	7208
308.233	7215
305.924	7311
303.614	7433
301.303	7500
298.992	7704
296.679	7800
294.365	7918
292.051	8079
289.734	8210
287.418	8394
285.101	8536
282.783	8769
280.463	8836
278.144	9093
275.822	9183
273.5	9490
271.178	9649
268.853	9968
266.529	10139
264.203	10394
261.876	10561
259.548	10917
257.22	11202
254.891	11488
252.561	11705
250.229	11927
247.897	12327
245.564	12565
243.23	12898
240.895	13211
238.559	13634
236.222	13956
233.884	14275
231.545	14699
229.206	14930
226.865	15369
224.524	15706
222.181	16230
219.838	16620
217.493	17079
215.148	17473
212.802	17915
210.455	18665
208.106	19126
205.758	19700
203.407	20173
201.056	20664
198.705	21201
196.351	21791
193.997	22160
191.643	22813
189.288	23188
186.931	23615
184.574	24094
182.214	24648
179.855	25185
177.495	25370
175.134	25882
172.771	26173
170.408	26556
168.044	27145
165.679	27449
163.312	27719
160.946	27935
158.578	28234
156.208	28719
153.838	29051
151.468	29376
149.097	29730
146.724	29913
144.349	30610
141.975	30796
139.599	31292
137.223	31463
134.846	32027
132.467	32435
130.088	32896
127.707	33358
125.326	34104
122.944	34794
120.56	35768
118.177	36374
115.791	37515
113.405	38300
111.018	39151
108.63	40110
106.241	41479
103.851	43184
101.46	44660
99.0686	46262
96.675	48085
94.2815	50006
91.8872	52206
89.4909	54590
87.0947	57673
84.6966	60917
82.2976	64407
79.8987	64524
77.4979	64524
75.0962	64524
72.6935	64524
70.29	64524
67.8855	64524
65.4801	64524
63.0739	64524
60.6667	64524
58.2586	64524
55.8495	64524
53.4386	64524
51.0278	64524
48.616	64524
46.2023	64524
43.7887	64524
41.3732	64524
38.9568	64524
36.5404	64524
34.1222	64524
31.703	64524
29.2829	64524
26.8618	64524
24.4399	64524
22.017	64524
19.5932	64524
17.1685	64524
14.7429	64524
12.3153	64524
9.88782	64524
7.4594	64524
5.02907	64524
2.5988	64524
0.166609	64524
-2.26552	64524
-4.69956	64524
-7.13454	64524
-9.57045	64524
-12.0063	64524
-14.4441	64524
-16.8828	64524
-19.3224	64524
-21.763	64524
-24.2045	64524
-26.6479	64524
-29.0913	64524
-31.5356	64524
-33.9808	64524
-36.428	64524
-38.8751	64524
-41.3241	64524
-43.7731	64524
-46.224	64524
-48.6749	64524
-51.1277	64524
-53.5814	64524
-56.0361	64524
-58.4907	64524
-60.9473	62613
-63.4048	55136
-65.8633	48759
-68.3227	42975
-70.783	38284
-73.2453	33885
-75.7075	30302
-78.1707	27260
-80.6348	24376
-83.1009	22154
-85.5669	20041
-88.0349	18263
-90.5028	16634
-92.9727	15386
-95.4425	14163
-97.9143	12981
-100.387	12024
-102.861	10839
-105.334	9973
-107.81	8960
-110.286	8103
-112.764	7392
-115.242	6784
-117.722	6309
-120.203	6012
-122.684	5718
-125.167	5352
-127.65	4858
-130.135	4293
-132.62	3796
-135.106	3465
-137.594	3184
-140.082	3041
-142.572	2907
-145.063	2676
-147.554	2439
-150.047	2136
-152.541	1951
-155.036	1730
-157.532	1664
-160.028	1620
-162.526	1544
-165.025	1456
-167.525	1329
-170.025	1212
-172.527	1166
-175.029	1084
-177.534	1070
-180.038	1033
-182.544	982
-185.051	955
-187.559	892
-190.068	867
-192.577	881
-195.089	853
-197.6	810
-200.113	752
-202.628	774
-205.143	747
-207.659	763
-210.176	749
-212.694	736
-215.213	739
-217.734	714
-220.255	708
-222.777	697
-225.3	692
-227.824	674
-230.349	661
-232.876	650
-235.403	631
-237.932	606
-240.461	609
-242.992	597
-245.523	593
-248.056	582
-250.589	565
-253.124	553
-255.66	565
-258.197	567
-260.734	553
-263.273	511
-265.813	555
-268.354	515
-270.896	516
-273.439	475
-275.982	500
-278.527	490
-281.074	470
-283.621	442
-286.169	448
-288.718	446
-291.269	441
-293.82	419
-296.372	403
-298.925	394
-301.48	415
-304.035	411
-306.592	408
-309.15	408
-311.708	403
-314.268	398
-316.828	388
-319.39	374
-321.953	364
-324.517	394
-327.082	367
-329.648	372
-332.215	335
-334.783	366
-337.352	361
-339.922	310
-342.493	366
-345.066	324
-347.639	339
-350.213	343
-352.789	329
-355.365	315
-357.943	332
-360.521	312
-363.101	298
-365.681	343
-368.263	296
-370.847	314
-373.431	304
-376.015	293
-378.601	306
-381.188	290
-383.777	285
-386.366	300
-388.956	285
-391.548	257
-394.14	281
-396.733	273
-399.328	264
-401.923	289
-404.521	289
-407.118	261
-409.717	277
-412.317	264
-414.918	243
-417.52	265
-420.123	265
-422.727	235
-425.332	260
-427.939	232
-430.546	247
-433.155	237
-435.764	248
-438.374	246
-440.986	232
-443.599	246
-446.213	255
-448.828	216
-451.444	233
-454.061	224
-456.68	233
-459.299	236
-461.919	204
-464.54	233
-467.163	216
-469.786	221
-472.411	214
-475.037	224
-477.663	221
-480.292	232
-482.92	217
-485.551	221
-488.182	200
-490.814	209
-493.447	212
-496.082	201
-498.717	217
-501.354	218
-503.992	217
-506.63	216
-509.27	211
-511.911	211
-514.553	193
-517.197	221
-519.841	216
-522.486	200
-525.133	184
-527.78	197
-530.429	207
-533.078	216
-535.729	208
-538.381	194
-541.034	209
-543.688	196
-546.343	212
-548.999	196
-551.657	201
-554.316	201
-556.975	220
-559.636	198
-562.297	196
-564.961	181
-567.625	201
-570.29	210
-572.956	201
-575.623	202
-578.292	195
-580.961	205
-583.632	189
-586.303	197
-588.976	199
-591.65	208
-594.326	185
-597.002	197
-599.679	201
-602.358	212
-605.037	202
-607.718	197
-610.399	213
-613.082	205
-615.767	192
-618.452	207
-621.138	205
-623.825	217
-626.514	215
-629.203	190
-631.893	208
-634.586	203
-637.278	197
-639.973	200
-642.667	223
-645.364	210
-648.061	190
-650.76	209
-653.46	204
-656.16	210
-658.862	205
-661.566	221
-664.269	211
-666.974	208
-669.681	181
-672.389	199
-675.097	201
-677.807	206
-680.518	188
-683.23	221
-685.943	200
-688.658	207
-691.373	225
-694.089	208
-696.807	191
-699.526	192
-702.245	204
-704.966	223
-707.689	190
-710.412	206
-713.136	198
-715.863	196
-718.589	216
-721.317	209
-724.046	209
-726.776	193
-729.508	208
-732.24	200
-734.974	201
-737.709	203
-740.444	199
-743.182	212
-745.919	226
-748.659	211
-751.399	200
-754.141	212
-756.883	224
-759.627	209
-762.372	212
-765.119	180
-767.866	214
-770.615	202
-773.365	217
-776.115	206
-778.867	210
-781.62	227
-784.375	221
-787.13	205
-789.886	217
-792.644	225
-795.402	228
-798.162	231
-800.924	211
-803.686	213
-806.449	221
-809.215	212
-811.98	208
-814.747	198
-817.516	199
-820.284	233
-823.054	208
-825.827	216
-828.599	219
-831.373	206
-834.149	201
-836.924	220
-839.702	220
-842.48	202
-845.26	211
-848.042	203
-850.823	202
-853.606	216
-856.391	205
-859.177	218
-861.963	194
-864.751	217
-867.54	206
-870.331	215
-873.122	213
-875.915	211
-878.709	203
-881.504	205
-884.3	214
-887.097	203
-889.895	214
-892.695	210
-895.496	213
-898.298	203
-901.101	210
-903.905	223
-906.711	207
-909.518	203
-912.325	208
-915.134	195
-917.945	190
-920.756	204
-923.569	202
-926.383	196
-929.198	208
-932.013	201
-934.831	228
-937.649	197
-940.47	196
-943.29	216
-946.113	209
-948.936	212
-951.761	223
-954.586	212
-957.413	246
-960.242	213
-963.07	216
-965.901	210
-968.733	228
-971.565	225
-974.399	203
-977.235	208
-980.072	229
-982.908	220
-985.747	237
-988.588	234
-991.429	232
-994.271	223
-997.115	208
-999.96	225
-1002.81	225
-1005.65	232
-1008.5	224
-1011.35	224
-1014.2	247
-1017.05	213
-1019.91	242
-1022.76	222
-1025.62	220
-1028.47	240
-1031.33	225
-1034.19	229
-1037.05	233
-1039.91	244
-1042.78	236
-1045.64	247
-1048.51	229
-1051.37	239
-1054.24	252
-1057.11	242
-1059.98	250
-1062.85	257
-1065.72	250
-1068.6	244
-1071.47	249
-1074.35	277
-1077.23	295
-1080.11	265
-1082.99	266
-1085.87	261
-1088.75	285
-1091.63	262
-1094.52	271
-1097.4	289
-1100.29	265
-1103.18	289
-1106.07	281
-1108.96	278
-1111.85	277
-1114.75	275
-1117.64	275
-1120.54	295
-1123.43	289
-1126.33	301
-1129.23	296
-1132.13	302
-1135.03	300
-1137.94	303
-1140.84	307
-1143.75	328
-1146.65	331
-1149.56	322
-1152.47	332
-1155.38	340
-1158.3	350
-1161.21	360
-1164.12	343
-1167.04	362
-1169.96	376
-1172.87	411
-1175.79	416
-1178.71	438
-1181.64	477
-1184.56	554
-1187.48	622
-1190.41	694
-1193.33	767
-1196.26	871
-1199.19	901
-1202.12	1035
-1205.06	1133
-1207.99	1384
-1210.92	1516
-1213.86	1717
-1216.8	1936
-1219.73	2123
-1222.67	2312
-1225.61	2416
-1228.55	2603
-1231.5	2796
-1234.44	3108
-1237.39	3492
-1240.33	4162
-1243.28	5086
-1246.23	6906
-1249.18	8442
-1252.14	9996
-1255.09	11223
-1258.04	12713
-1261	13173
-1263.96	12955
-1266.91	12880
-1269.87	12290
-1272.83	11129
-1275.8	10231
-1278.76	8432
-1281.72	6588
-1284.69	4531
-1287.66	2757
-1290.62	1736
-1293.59	1224
-1296.57	1124
-1299.54	840
-1302.51	719
-1305.49	666
-1308.46	634
-1311.44	574
-1314.42	576
-1317.4	566
-1320.38	573
-1323.36	551
-1326.34	501
-1329.33	552
-1332.32	525
-1335.3	519
-1338.29	518
-1341.28	515
-1344.27	530
-1347.27	517
-1350.26	512
-1353.26	529
-1356.25	448
-1359.25	455
-1362.25	441
-1365.25	464
-1368.25	443
-1371.25	454
-1374.26	470
-1377.26	441
-1380.27	406
-1383.28	372
-1386.29	355
-1389.3	307
-1392.31	271
