2745.96	400
2744.58	395
2743.19	394
2741.81	414
2740.42	383
2739.03	400
2737.64	418
2736.25	397
2734.86	407
2733.47	424
2732.08	422
2730.69	429
2729.3	417
2727.91	396
2726.51	412
2725.12	407
2723.73	421
2722.33	413
2720.94	402
2719.54	414
2718.15	424
2716.75	403
2715.35	403
2713.96	411
2712.56	411
2711.16	410
2709.76	420
2708.36	398
2706.96	396
2705.56	442
2704.16	387
2702.76	406
2701.36	419
2699.96	414
2698.56	433
2697.15	398
2695.75	409
2694.34	414
2692.94	425
2691.53	433
2690.13	449
2688.72	435
2687.31	429
2685.91	453
2684.5	445
2683.09	431
2681.68	444
2680.27	429
2678.86	443
2677.45	429
2676.04	446
2674.63	430
2673.22	421
2671.81	426
2670.39	413
2668.98	457
2667.57	431
2666.15	453
2664.74	443
2663.32	427
2661.91	431
2660.49	424
2659.07	427
2657.65	454
2656.24	440
2654.82	448
2653.4	466
2651.98	430
2650.56	441
2649.14	440
2647.72	460
2646.3	461
2644.87	435
2643.45	457
2642.03	452
2640.61	448
2639.18	439
2637.76	432
2636.33	469
2634.91	472
2633.48	450
2632.05	468
2630.62	438
2629.2	463
2627.77	452
2626.34	469
2624.91	460
2623.48	475
2622.05	484
2620.62	474
2619.19	473
2617.76	462
2616.32	454
2614.89	476
2613.46	459
2612.02	465
2610.59	473
2609.15	467
2607.72	466
2606.28	484
2604.85	469
2603.41	459
2601.97	462
2600.53	465
2599.09	470
2597.65	469
2596.22	452
2594.78	471
2593.33	495
2591.89	483
2590.45	489
2589.01	462
2587.57	474
2586.12	490
2584.68	492
2583.23	485
2581.79	493
2580.34	463
2578.9	501
2577.45	496
2576	495
2574.56	505
2573.11	510
2571.66	497
2570.21	482
2568.76	496
2567.31	509
2565.86	491
2564.41	521
2562.96	525
2561.51	482
2560.05	507
2558.6	514
2557.15	517
2555.69	517
2554.24	523
2552.78	514
2551.32	543
2549.87	507
2548.41	511
2546.95	516
2545.5	553
2544.04	524
2542.58	512
2541.12	530
2539.66	542
2538.2	563
2536.74	546
2535.27	552
2533.81	533
2532.35	569
2530.89	536
2529.42	557
2527.96	550
2526.49	559
2525.03	555
2523.56	538
2522.09	545
2520.63	575
2519.16	550
2517.69	588
2516.22	565
2514.75	551
2513.28	562
2511.81	563
2510.34	572
2508.87	571
2507.4	574
2505.93	575
2504.45	576
2502.98	574
2501.51	550
2500.03	571
2498.56	604
2497.08	596
2495.6	563
2494.13	555
2492.65	578
2491.17	568
2489.69	586
2488.22	604
2486.74	596
2485.26	593
2483.78	574
2482.29	585
2480.81	598
2479.33	586
2477.85	579
2476.36	629
2474.88	609
2473.4	587
2471.91	583
2470.43	616
2468.94	601
2467.45	615
2465.97	610
2464.48	618
2462.99	596
2461.5	651
2460.01	634
2458.52	631
2457.03	617
2455.54	642
2454.05	656
2452.56	643
2451.07	634
2449.57	653
2448.08	619
2446.59	656
2445.09	622
2443.6	635
2442.1	639
2440.6	636
2439.11	666
2437.61	641
2436.11	650
2434.61	640
2433.12	658
2431.62	647
2430.12	659
2428.62	665
2427.11	644
2425.61	663
2424.11	678
2422.61	680
2421.1	687
2419.6	670
2418.1	668
2416.59	677
2415.09	688
2413.58	690
2412.07	683
2410.57	672
2409.06	683
2407.55	678
2406.04	689
2404.53	702
2403.02	670
2401.51	718
2400	703
2398.49	817
2396.98	931
2395.46	707
2393.95	707
2392.44	724
2390.92	711
2389.41	692
2387.89	732
2386.38	740
2384.86	728
2383.34	714
2381.82	722
2380.31	722
2378.79	702
2377.27	736
2375.75	725
2374.23	753
2372.71	745
2371.19	725
2369.66	740
2368.14	763
2366.62	757
2365.09	775
2363.57	761
2362.04	732
2360.52	734
2358.99	723
2357.47	768
2355.94	747
2354.41	768
2352.88	735
2351.35	756
2349.83	758
2348.3	770
2346.77	766
2345.23	780
2343.7	774
2342.17	791
2340.64	799
2339.1	797
2337.57	792
2336.04	805
2334.5	798
2332.97	796
2331.43	807
2329.89	814
2328.36	809
2326.82	817
2325.28	834
2323.74	812
2322.2	809
2320.66	807
2319.12	831
2317.58	823
2316.04	798
2314.5	825
2312.95	818
2311.41	806
2309.87	876
2308.32	861
2306.78	871
2305.23	851
2303.68	843
2302.14	858
2300.59	887
2299.04	860
2297.49	894
2295.94	876
2294.39	901
2292.84	894
2291.29	856
2289.74	893
2288.19	892
2286.64	885
2285.09	883
2283.53	866
2281.98	881
2280.42	914
2278.87	901
2277.31	888
2275.76	905
2274.2	915
2272.64	921
2271.08	951
2269.52	934
2267.96	897
2266.4	924
2264.84	959
2263.28	920
2261.72	931
2260.16	889
2258.6	956
2257.03	964
2255.47	960
2253.9	954
2252.34	957
2250.77	954
2249.21	946
2247.64	996
2246.07	973
2244.51	983
2242.94	981
2241.37	975
2239.8	982
2238.23	989
2236.66	1014
2235.09	1001
2233.51	1012
2231.94	1031
2230.37	1017
2228.79	1033
2227.22	1011
2225.65	1026
2224.07	1032
2222.49	1051
2220.92	1037
2219.34	1058
2217.76	1041
2216.18	1054
2214.61	1040
2213.03	1077
2211.45	1063
2209.86	1057
2208.28	1061
2206.7	1074
2205.12	1085
2203.54	1100
2201.95	1089
2200.37	1099
2198.78	1081
2197.2	1101
2195.61	1104
2194.03	1101
2192.44	1096
2190.85	1127
2189.26	1117
2187.67	1112
2186.09	1087
2184.5	1122
2182.9	1106
2181.31	1119
2179.72	1126
2178.13	1136
2176.54	1121
2174.94	1133
2173.35	1176
2171.75	1165
2170.16	1176
2168.56	1185
2166.97	1143
2165.37	1218
2163.77	1181
2162.17	1184
2160.58	1211
2158.98	1172
2157.38	1233
2155.78	1191
2154.17	1232
2152.57	1220
2150.97	1188
2149.37	1239
2147.76	1254
2146.16	1216
2144.56	1216
2142.95	1222
2141.34	1258
2139.74	1219
2138.13	1240
2136.52	1232
2134.91	1265
2133.31	1217
2131.7	1238
2130.09	1238
2128.48	1264
2126.86	1255
2125.25	1277
2123.64	1261
2122.03	1285
2120.41	1268
2118.8	1256
2117.18	1293
2115.57	1251
2113.95	1275
2112.34	1310
2110.72	1264
2109.1	1287
2107.48	1264
2105.86	1286
2104.25	1307
2102.63	1306
2101	1290
2099.38	1294
2097.76	1325
2096.14	1326
2094.52	1303
2092.89	1301
2091.27	1297
2089.64	1315
2088.02	1321
2086.39	1366
2084.76	1321
2083.14	1329
2081.51	1364
2079.88	1327
2078.25	1319
2076.62	1319
2074.99	1351
2073.36	1380
2071.73	1322
2070.1	1370
2068.46	1344
2066.83	1338
2065.2	1356
2063.56	1381
2061.93	1359
2060.29	1376
2058.65	1353
2057.02	1352
2055.38	1371
2053.74	1392
2052.1	1392
2050.46	1371
2048.82	1386
2047.18	1356
2045.54	1358
2043.9	1370
2042.26	1378
2040.61	1351
2038.97	1372
2037.33	1363
2035.68	1373
2034.04	1377
2032.39	1380
2030.74	1420
2029.1	1338
2027.45	1409
2025.8	1369
2024.15	1372
2022.5	1384
2020.85	1371
2019.2	1387
2017.55	1429
2015.89	1360
2014.24	1356
2012.59	1358
2010.93	1364
2009.28	1385
2007.62	1380
2005.97	1390
2004.31	1381
2002.65	1386
2001	1361
1999.34	1374
1997.68	1389
1996.02	1423
1994.36	1413
1992.7	1423
1991.04	1365
1989.38	1437
1987.71	1402
1986.05	1417
1984.39	1410
1982.72	1399
1981.06	1441
1979.39	1383
1977.72	1379
1976.06	1395
1974.39	1412
1972.72	1421
1971.05	1442
1969.38	1478
1967.71	1428
1966.04	1442
1964.37	1451
1962.7	1423
1961.03	1439
1959.35	1458
1957.68	1503
1956	1458
1954.33	1450
1952.65	1476
1950.98	1429
1949.3	1440
1947.62	1463
1945.94	1457
1944.27	1480
1942.59	1513
1940.91	1480
1939.23	1490
1937.54	1455
1935.86	1474
1934.18	1473
1932.5	1534
1930.81	1473
1929.13	1516
1927.44	1457
1925.76	1503
1924.07	1477
1922.39	1489
1920.7	1564
1919.01	1501
1917.32	1516
1915.63	1507
1913.94	1511
1912.25	1514
1910.56	1503
1908.87	1536
1907.17	1532
1905.48	1526
1903.79	1533
1902.09	1518
1900.4	1570
1898.7	1518
1897.01	1519
1895.31	1533
1893.61	1583
1891.91	1577
1890.21	1543
1888.51	1610
1886.81	1621
1885.11	1604
1883.41	1627
1881.71	1628
1880.01	1609
1878.3	1603
1876.6	1690
1874.9	1702
1873.19	1636
1871.48	1667
1869.78	1686
1868.07	1657
1866.36	1677
1864.65	1726
1862.95	1708
1861.24	1687
1859.53	1669
1857.81	1719
1856.1	1725
1854.39	1758
1852.68	1754
1850.96	1777
1849.25	1768
1847.54	1775
1845.82	1777
1844.1	1837
1842.39	1801
1840.67	1796
1838.95	1790
1837.23	1863
1835.51	1815
1833.79	1865
1832.07	1836
1830.35	1881
1828.63	1906
1826.91	1856
1825.18	1893
1823.46	1962
1821.74	1963
1820.01	1947
1818.29	1942
1816.56	1943
1814.83	2013
1813.1	1972
1811.38	1982
1809.65	2017
1807.92	2040
1806.19	2017
1804.46	2050
1802.73	2017
1800.99	2099
1799.26	2062
1797.53	2087
1795.79	2115
1794.06	2159
1792.32	2166
1790.59	2187
1788.85	2176
1787.11	2180
1785.37	2180
1783.64	2199
1781.9	2258
1780.16	2244
1778.42	2236
1776.67	2294
1774.93	2270
1773.19	2285
1771.45	2308
1769.7	2340
1767.96	2391
1766.21	2379
1764.47	2389
1762.72	2430
1760.97	2416
1759.23	2510
1757.48	2476
1755.73	2477
1753.98	2505
1752.23	2536
1750.48	2519
1748.73	2630
1746.97	2643
1745.22	2615
1743.47	2650
1741.71	2708
1739.96	2683
1738.2	2720
1736.44	2778
1734.69	2761
1732.93	2786
1731.17	2814
1729.41	2890
1727.65	2883
1725.89	2961
1724.13	2953
1722.37	2963
1720.61	3075
1718.85	3042
1717.08	3125
1715.32	3079
1713.55	3140
1711.79	3174
1710.02	3259
1708.25	3271
1706.49	3256
1704.72	3316
1702.95	3375
1701.18	3328
1699.41	3402
1697.64	3442
1695.87	3518
1694.09	3542
1692.32	3560
1690.55	3603
1688.77	3641
1687	3711
1685.22	3731
1683.45	3740
1681.67	3826
1679.89	3799
1678.11	3866
1676.34	3868
1674.56	3906
1672.78	3963
1671	3984
1669.21	4023
1667.43	4046
1665.65	4039
1663.86	4112
1662.08	4124
1660.3	4194
1658.51	4213
1656.72	4218
1654.94	4256
1653.15	4290
1651.36	4309
1649.57	4351
1647.78	4351
1645.99	4272
1644.2	4317
1642.41	4429
1640.62	4448
1638.82	4454
1637.03	4410
1635.24	4417
1633.44	4457
1631.65	4448
1629.85	4405
1628.05	4465
1626.25	4515
1624.46	4459
1622.66	4394
1620.86	4397
1619.06	4353
1617.26	4386
1615.45	4362
1613.65	4363
1611.85	4363
1610.04	4307
1608.24	4361
1606.43	4321
1604.63	4334
1602.82	4330
1601.02	4316
1599.21	4279
1597.4	4243
1595.59	4269
1593.78	4175
1591.97	4206
1590.16	4248
1588.35	4236
1586.53	4151
1584.72	4250
1582.91	4159
1581.09	4142
1579.28	4186
1577.46	4128
1575.64	4095
1573.82	4102
1572.01	4089
1570.19	4053
1568.37	4126
1566.55	4086
1564.73	4037
1562.91	4055
1561.08	4037
1559.26	4053
1557.44	4009
1555.61	4001
1553.79	4000
1551.96	3989
1550.14	3921
1548.31	3935
1546.48	3905
1544.65	3926
1542.82	3919
1540.99	3897
1539.16	3908
1537.33	3899
1535.5	3833
1533.67	3848
1531.83	3865
1530	3866
1528.16	3828
1526.33	3847
1524.49	3760
1522.66	3801
1520.82	3831
1518.98	3832
1517.14	3850
1515.3	3812
1513.46	3749
1511.62	3772
1509.78	3848
1507.94	3783
1506.09	3856
1504.25	3779
1502.41	3796
1500.56	3756
1498.71	3798
1496.87	3796
1495.02	3760
1493.17	3772
1491.32	3770
1489.47	3791
1487.63	3800
1485.77	3830
1483.92	3870
1482.07	3901
1480.22	3948
1478.36	3964
1476.51	3895
1474.66	3975
1472.8	4033
1470.94	4066
1469.09	4012
1467.23	4082
1465.37	4060
1463.51	4091
1461.65	4119
1459.79	4112
1457.93	4053
1456.07	4092
1454.2	4044
1452.34	4082
1450.48	4022
1448.61	4031
1446.75	3996
1444.88	4036
1443.01	3973
1441.14	4057
1439.28	3978
1437.41	3958
1435.54	3890
1433.67	3963
1431.8	3933
1429.92	3933
1428.05	3927
1426.18	3923
1424.3	3886
1422.43	3903
1420.55	3893
1418.68	3892
1416.8	3874
1414.92	3911
1413.04	3904
1411.17	3911
1409.29	3898
1407.41	3867
1405.52	3914
1403.64	3890
1401.76	3926
1399.88	3917
1397.99	3922
1396.11	3975
1394.22	4027
1392.34	3969
1390.45	4003
1388.56	4007
1386.67	4032
1384.78	3994
1382.89	4003
1381	4072
1379.11	4130
1377.22	4082
1375.33	4125
1373.43	4078
1371.54	4068
1369.65	4113
1367.75	4109
1365.85	4139
1363.96	4081
1362.06	4136
1360.16	4149
1358.26	4211
1356.36	4144
1354.46	4217
1352.56	4234
1350.66	4199
1348.75	4248
1346.85	4224
1344.95	4217
1343.04	4269
1341.14	4256
1339.23	4212
1337.32	4252
1335.42	4229
1333.51	4217
1331.6	4156
1329.69	4186
1327.78	4260
1325.86	4203
1323.95	4251
1322.04	4176
1320.13	4201
1318.21	4174
1316.3	4166
1314.38	4232
1312.46	4188
1310.55	4273
1308.63	4207
1306.71	4225
1304.79	4258
1302.87	4222
1300.95	4241
1299.03	4292
1297.1	4265
1295.18	4353
1293.26	4313
1291.33	4397
1289.41	4364
1287.48	4355
1285.55	4413
1283.63	4467
1281.7	4493
1279.77	4440
1277.84	4462
1275.91	4525
1273.98	4546
1272.05	4557
1270.11	4546
1268.18	4551
1266.24	4575
1264.31	4593
1262.37	4615
1260.44	4601
1258.5	4580
1256.56	4554
1254.62	4555
1252.68	4500
1250.74	4437
1248.8	4528
1246.86	4469
1244.92	4430
1242.98	4388
1241.03	4379
1239.09	4342
1237.14	4261
1235.2	4197
1233.25	4196
1231.3	4114
1229.35	4039
1227.4	4071
1225.45	3993
1223.5	4034
1221.55	3907
1219.6	3872
1217.65	3822
1215.69	3813
1213.74	3749
1211.78	3686
1209.83	3640
1207.87	3587
1205.91	3551
1203.96	3509
1202	3491
1200.04	3468
1198.08	3406
1196.12	3376
1194.15	3377
1192.19	3322
1190.23	3274
1188.26	3279
1186.3	3254
1184.33	3227
1182.37	3239
1180.4	3277
1178.43	3224
1176.46	3249
1174.49	3264
1172.52	3250
1170.55	3281
1168.58	3236
1166.61	3317
1164.64	3314
1162.66	3349
1160.69	3405
1158.71	3428
1156.73	3427
1154.76	3479
1152.78	3539
1150.8	3569
1148.82	3616
1146.84	3646
1144.86	3682
1142.88	3728
1140.9	3785
1138.91	3832
1136.93	3863
1134.95	3895
1132.96	3866
1130.97	3997
1128.99	3898
1127	3968
1125.01	3924
1123.02	3931
1121.03	3895
1119.04	3945
1117.05	3888
1115.06	3890
1113.07	3854
1111.07	3934
1109.08	3863
1107.08	3810
1105.09	3811
1103.09	3801
1101.09	3763
1099.09	3720
1097.09	3755
1095.09	3642
1093.09	3667
1091.09	3726
1089.09	3714
1087.09	3730
1085.08	3745
1083.08	3614
1081.07	3637
1079.07	3641
1077.06	3655
1075.05	3589
1073.04	3659
1071.03	3625
1069.02	3635
1067.01	3554
1065	3585
1062.99	3540
1060.98	3577
1058.96	3510
1056.95	3525
1054.93	3527
1052.92	3514
1050.9	3509
1048.88	3447
1046.86	3449
1044.84	3492
1042.82	3405
1040.8	3379
1038.78	3348
1036.76	3339
1034.74	3328
1032.71	3313
1030.69	3308
1028.66	3266
1026.64	3222
1024.61	3222
1022.58	3165
1020.55	3108
1018.52	3111
1016.49	3067
1014.46	3063
1012.43	3013
1010.4	2942
1008.36	2920
1006.33	2952
1004.29	2932
1002.26	2883
1000.22	2909
998.184	2878
996.146	2830
994.108	2876
992.068	2766
990.028	2859
987.986	2773
985.944	2779
983.901	2790
981.858	2771
979.813	2774
977.768	2811
975.722	2834
973.675	2765
971.627	2830
969.579	2851
967.53	2834
965.48	2885
963.429	2823
961.377	2829
959.325	2754
957.273	2811
955.218	2841
953.163	2802
951.108	2877
949.051	2877
946.994	2940
944.936	2969
942.878	2909
940.818	2921
938.758	3001
936.697	3142
934.634	3121
932.572	3209
930.509	3281
928.444	3355
926.379	3397
924.313	3405
922.246	3451
920.179	3471
918.111	3516
916.041	3447
913.972	3451
911.901	3480
909.829	3448
907.757	3472
905.684	3402
903.61	3456
901.535	3374
899.46	3340
897.383	3336
895.306	3373
893.228	3336
891.149	3287
889.069	3288
886.989	3312
884.908	3335
882.826	3318
880.743	3396
878.659	3400
876.575	3400
874.49	3482
872.403	3473
870.317	3508
868.229	3568
866.141	3600
864.051	3675
861.961	3703
859.87	3722
857.779	3740
855.685	3802
853.592	3834
851.498	3872
849.403	3903
847.307	3852
845.211	3867
843.113	3857
841.015	3860
838.916	3860
836.816	3826
834.715	3820
832.613	3791
830.511	3758
828.408	3742
826.304	3729
824.199	3716
822.093	3718
819.987	3709
817.879	3663
815.771	3671
813.663	3602
811.553	3551
809.442	3645
807.331	3612
805.218	3624
803.105	3653
800.992	3614
798.877	3623
796.761	3654
794.645	3640
792.527	3691
790.41	3655
788.291	3704
786.171	3699
784.051	3704
781.929	3722
779.807	3770
777.684	3710
775.56	3752
773.436	3800
771.31	3855
769.184	3821
767.057	3871
764.929	3860
762.8	3910
760.67	3906
758.54	3887
756.409	3952
754.277	3942
752.143	3895
750.01	3971
747.875	3990
745.74	3980
743.603	4057
741.466	4040
739.328	4064
737.189	4011
735.049	4030
732.909	4001
730.768	4098
728.626	4074
726.483	4006
724.339	4061
722.194	4061
720.049	4131
717.903	4075
715.755	4119
713.607	4133
711.458	4107
709.308	4130
707.158	4072
705.007	4056
702.855	4071
700.701	4156
698.548	4083
696.393	4090
694.237	4090
692.081	4068
689.923	4058
687.765	4066
685.606	4045
683.446	4049
681.286	4068
679.124	4103
676.962	4131
674.798	4147
672.635	4145
670.469	4146
668.304	4102
666.137	4138
663.969	4160
661.801	4145
659.632	4181
657.462	4215
655.291	4257
653.119	4280
650.947	4287
648.773	4321
646.599	4330
644.424	4383
642.248	4424
640.071	4376
637.893	4429
635.714	4455
633.535	4506
631.354	4522
629.173	4518
626.992	4511
624.809	4554
622.625	4573
620.44	4565
618.255	4691
616.069	4654
613.882	4635
611.694	4707
609.505	4663
607.315	4692
605.124	4905
602.933	4884
600.741	4884
598.548	4942
596.354	4976
594.158	4949
591.963	4986
589.766	5054
587.569	5079
585.37	5106
583.171	5083
580.971	5121
578.769	5129
576.569	5164
574.365	5271
572.161	5234
569.957	5249
567.752	5299
565.545	5458
563.339	5388
561.13	5465
558.922	5563
556.712	5590
554.502	5679
552.291	5772
550.078	5835
547.865	5916
545.651	5953
543.436	5980
541.22	5998
539.004	6082
536.787	6148
534.568	6125
532.349	6178
530.128	6223
527.907	6271
525.686	6282
523.463	6363
521.239	6393
519.015	6464
516.789	6480
514.563	6461
512.335	6430
510.107	6465
507.879	6386
505.648	6334
503.418	6235
501.186	6129
498.954	6159
496.721	6133
494.486	6091
492.251	6038
490.015	5987
487.778	5924
485.541	5855
483.302	5828
481.063	5883
478.822	5842
476.581	5836
474.338	5832
472.096	5802
469.851	5806
467.607	5739
465.361	5840
463.114	5854
460.867	5845
458.618	5923
456.369	5988
454.119	5970
451.868	6043
449.616	6125
447.363	6170
445.11	6226
442.854	6277
440.599	6418
438.343	6395
436.085	6505
433.827	6571
431.568	6599
429.308	6653
427.047	6676
424.786	6771
422.522	6724
420.259	6770
417.994	6911
415.729	6866
413.463	6896
411.196	6974
408.927	7047
406.658	7094
404.389	7047
402.118	7112
399.846	7117
397.573	7100
395.3	7037
393.025	7164
390.75	7120
388.474	7157
386.196	7004
383.919	7161
381.64	6984
379.36	7052
377.08	7007
374.798	6992
372.515	7025
370.231	7030
367.947	6968
365.662	6954
363.376	6922
361.089	6925
358.801	6885
356.511	6894
354.222	6853
351.931	6875
349.639	6867
347.347	6839
345.053	6941
342.759	6945
340.463	6920
338.167	6932
335.871	6968
333.572	7025
331.273	7005
328.974	6984
326.673	7118
324.371	7076
322.068	7165
319.765	7145
317.46	7260
315.154	7411
312.849	7388
310.541	7561
308.233	7563
305.924	7704
303.614	7756
301.303	7898
298.992	7989
296.679	8078
294.365	8210
292.051	8342
289.734	8463
287.418	8541
285.101	8749
282.783	8849
280.463	9105
278.144	9316
275.822	9387
273.5	9653
271.178	9853
268.853	10007
266.529	10256
264.203	10546
261.876	10757
259.548	10897
257.22	11212
254.891	11368
252.561	11701
250.229	11941
247.897	12361
245.564	12526
243.23	12752
240.895	13199
238.559	13525
236.222	13767
233.884	14195
231.545	14622
229.206	14900
226.865	15269
224.524	15534
222.181	15996
219.838	16393
217.493	16788
215.148	17285
212.802	17759
210.455	18154
208.106	18781
205.758	19158
203.407	19713
201.056	20388
198.705	21037
196.351	21353
193.997	21891
191.643	22513
189.288	23130
186.931	23399
184.574	23835
182.214	24388
179.855	24919
177.495	25467
175.134	25618
172.771	26044
170.408	26584
168.044	27032
165.679	27322
163.312	27781
160.946	28106
158.578	28494
156.208	28976
153.838	29301
151.468	29187
149.097	29477
146.724	30215
144.349	30608
141.975	30691
139.599	30828
137.223	31471
134.846	31832
132.467	32310
130.088	33002
127.707	33176
125.326	33788
122.944	34266
120.56	34919
118.177	35683
115.791	36230
113.405	36894
111.018	37745
108.63	39026
106.241	40028
103.851	41321
101.46	42911
99.0686	44045
96.675	45669
94.2815	47362
91.8872	49371
89.4909	51378
87.0947	53679
84.6966	56295
82.2976	58779
79.8987	62490
77.4979	64524
75.0962	64524
72.6935	64524
70.29	64524
67.8855	64524
65.4801	64524
63.0739	64524
60.6667	64524
58.2586	64524
55.8495	64524
53.4386	64524
51.0278	64524
48.616	64524
46.2023	64524
43.7887	64524
41.3732	64524
38.9568	64524
36.5404	64524
34.1222	64524
31.703	64524
29.2829	64524
26.8618	64524
24.4399	64524
22.017	64524
19.5932	64524
17.1685	64524
14.7429	64524
12.3153	64524
9.88782	64524
7.4594	64524
5.02907	64524
2.5988	64524
0.166609	64524
-2.26552	64524
-4.69956	64524
-7.13454	64524
-9.57045	64524
-12.0063	64524
-14.4441	64524
-16.8828	64524
-19.3224	64524
-21.763	64524
-24.2045	64524
-26.6479	64524
-29.0913	64524
-31.5356	64524
-33.9808	64524
-36.428	64524
-38.8751	64524
-41.3241	64524
-43.7731	64524
-46.224	64524
-48.6749	64524
-51.1277	64524
-53.5814	64524
-56.0361	64524
-58.4907	64524
-60.9473	64524
-63.4048	64524
-65.8633	64524
-68.3227	57292
-70.783	50419
-73.2453	44660
-75.7075	39749
-78.1707	35425
-80.6348	31724
-83.1009	28352
-85.5669	25684
-88.0349	23153
-90.5028	21037
-92.9727	19062
-95.4425	17396
-97.9143	15886
-100.387	14341
-102.861	13025
-105.334	11813
-107.81	10628
-110.286	9727
-112.764	8905
-115.242	8197
-117.722	7593
-120.203	7064
-122.684	6592
-125.167	5969
-127.65	5381
-130.135	4821
-132.62	4378
-135.106	4020
-137.594	3753
-140.082	3493
-142.572	3293
-145.063	3093
-147.554	2722
-150.047	2449
-152.541	2275
-155.036	2043
-157.532	1865
-160.028	1779
-162.526	1685
-165.025	1562
-167.525	1456
-170.025	1369
-172.527	1314
-175.029	1237
-177.534	1189
-180.038	1132
-182.544	1085
-185.051	1013
-187.559	963
-190.068	933
-192.577	924
-195.089	915
-197.6	901
-200.113	876
-202.628	823
-205.143	804
-207.659	822
-210.176	777
-212.694	760
-215.213	792
-217.734	778
-220.255	767
-222.777	739
-225.3	748
-227.824	716
-230.349	705
-232.876	684
-235.403	674
-237.932	632
-240.461	648
-242.992	639
-245.523	628
-248.056	593
-250.589	604
-253.124	596
-255.66	592
-258.197	600
-260.734	589
-263.273	554
-265.813	578
-268.354	572
-270.896	562
-273.439	547
-275.982	547
-278.527	511
-281.074	522
-283.621	499
-286.169	498
-288.718	512
-291.269	490
-293.82	477
-296.372	428
-298.925	429
-301.48	452
-304.035	429
-306.592	435
-309.15	428
-311.708	425
-314.268	416
-316.828	429
-319.39	418
-321.953	402
-324.517	421
-327.082	408
-329.648	377
-332.215	387
-334.783	393
-337.352	389
-339.922	364
-342.493	377
-345.066	370
-347.639	345
-350.213	351
-352.789	348
-355.365	343
-357.943	341
-360.521	313
-363.101	342
-365.681	332
-368.263	308
-370.847	315
-373.431	317
-376.015	319
-378.601	302
-381.188	324
-383.777	314
-386.366	299
-388.956	286
-391.548	305
-394.14	292
-396.733	295
-399.328	276
-401.923	279
-404.521	293
-407.118	274
-409.717	286
-412.317	282
-414.918	262
-417.52	277
-420.123	265
-422.727	269
-425.332	261
-427.939	277
-430.546	261
-433.155	243
-435.764	245
-438.374	253
-440.986	253
-443.599	269
-446.213	254
-448.828	243
-451.444	251
-454.061	237
-456.68	253
-459.299	243
-461.919	214
-464.54	242
-467.163	241
-469.786	227
-472.411	248
-475.037	235
-477.663	243
-480.292	235
-482.92	236
-485.551	236
-488.182	236
-490.814	238
-493.447	220
-496.082	216
-498.717	226
-501.354	220
-503.992	219
-506.63	210
-509.27	218
-511.911	211
-514.553	210
-517.197	228
-519.841	207
-522.486	223
-525.133	214
-527.78	209
-530.429	210
-533.078	226
-535.729	212
-538.381	219
-541.034	215
-543.688	211
-546.343	211
-548.999	210
-551.657	212
-554.316	220
-556.975	208
-559.636	220
-562.297	219
-564.961	212
-567.625	218
-570.29	204
-572.956	220
-575.623	214
-578.292	200
-580.961	217
-583.632	202
-586.303	202
-588.976	213
-591.65	200
-594.326	209
-597.002	221
-599.679	225
-602.358	223
-605.037	224
-607.718	225
-610.399	211
-613.082	223
-615.767	218
-618.452	220
-621.138	215
-623.825	232
-626.514	214
-629.203	223
-631.893	212
-634.586	208
-637.278	216
-639.973	217
-642.667	212
-645.364	214
-648.061	216
-650.76	206
-653.46	223
-656.16	224
-658.862	209
-661.566	222
-664.269	213
-666.974	200
-669.681	224
-672.389	235
-675.097	211
-677.807	215
-680.518	248
-683.23	206
-685.943	234
-688.658	220
-691.373	220
-694.089	222
-696.807	215
-699.526	221
-702.245	216
-704.966	222
-707.689	213
-710.412	214
-713.136	233
-715.863	220
-718.589	219
-721.317	241
-724.046	217
-726.776	217
-729.508	230
-732.24	214
-734.974	227
-737.709	227
-740.444	227
-743.182	213
-745.919	209
-748.659	236
-751.399	218
-754.141	200
-756.883	215
-759.627	217
-762.372	218
-765.119	229
-767.866	228
-770.615	230
-773.365	215
-776.115	217
-778.867	209
-781.62	236
-784.375	241
-787.13	214
-789.886	227
-792.644	211
-795.402	234
-798.162	221
-800.924	245
-803.686	214
-806.449	218
-809.215	215
-811.98	231
-814.747	205
-817.516	211
-820.284	223
-823.054	234
-825.827	226
-828.599	229
-831.373	216
-834.149	222
-836.924	221
-839.702	203
-842.48	235
-845.26	228
-848.042	215
-850.823	215
-853.606	218
-856.391	220
-859.177	206
-861.963	234
-864.751	228
-867.54	223
-870.331	206
-873.122	213
-875.915	207
-878.709	212
-881.504	216
-884.3	227
-887.097	221
-889.895	210
-892.695	222
-895.496	220
-898.298	228
-901.101	203
-903.905	213
-906.711	213
-909.518	220
-912.325	236
-915.134	218
-917.945	227
-920.756	221
-923.569	208
-926.383	216
-929.198	217
-932.013	228
-934.831	233
-937.649	220
-940.47	230
-943.29	217
-946.113	232
-948.936	213
-951.761	226
-954.586	237
-957.413	217
-960.242	218
-963.07	241
-965.901	237
-968.733	237
-971.565	227
-974.399	249
-977.235	227
-980.072	251
-982.908	245
-985.747	250
-988.588	231
-991.429	248
-994.271	244
-997.115	257
-999.96	241
-1002.81	238
-1005.65	244
-1008.5	240
-1011.35	243
-1014.2	239
-1017.05	245
-1019.91	264
-1022.76	252
-1025.62	276
-1028.47	252
-1031.33	267
-1034.19	278
-1037.05	276
-1039.91	254
-1042.78	280
-1045.64	260
-1048.51	269
-1051.37	260
-1054.24	261
-1057.11	258
-1059.98	294
-1062.85	265
-1065.72	278
-1068.6	269
-1071.47	261
-1074.35	273
-1077.23	295
-1080.11	297
-1082.99	295
-1085.87	271
-1088.75	277
-1091.63	284
-1094.52	283
-1097.4	282
-1100.29	292
-1103.18	289
-1106.07	286
-1108.96	316
-1111.85	279
-1114.75	296
-1117.64	309
-1120.54	319
-1123.43	302
-1126.33	320
-1129.23	324
-1132.13	315
-1135.03	332
-1137.94	319
-1140.84	338
-1143.75	336
-1146.65	334
-1149.56	336
-1152.47	368
-1155.38	387
-1158.3	380
-1161.21	395
-1164.12	428
-1167.04	446
-1169.96	428
-1172.87	472
-1175.79	514
-1178.71	526
-1181.64	597
-1184.56	680
-1187.48	814
-1190.41	917
-1193.33	979
-1196.26	1141
-1199.19	1248
-1202.12	1391
-1205.06	1613
-1207.99	1816
-1210.92	1953
-1213.86	2146
-1216.8	2300
-1219.73	2477
-1222.67	2692
-1225.61	3003
-1228.55	3351
-1231.5	3726
-1234.44	4095
-1237.39	4476
-1240.33	4956
-1243.28	6058
-1246.23	8025
-1249.18	9930
-1252.14	11804
-1255.09	13180
-1258.04	14363
-1261	14723
-1263.96	14529
-1266.91	13776
-1269.87	13136
-1272.83	11372
-1275.8	9830
-1278.76	7715
-1281.72	5268
-1284.69	3420
-1287.66	2070
-1290.62	1423
-1293.59	1182
-1296.57	1122
-1299.54	844
-1302.51	759
-1305.49	706
-1308.46	697
-1311.44	641
-1314.42	602
-1317.4	614
-1320.38	597
-1323.36	549
-1326.34	527
-1329.33	533
-1332.32	523
-1335.3	499
-1338.29	509
-1341.28	514
-1344.27	515
-1347.27	492
-1350.26	478
-1353.26	501
-1356.25	519
-1359.25	478
-1362.25	464
-1365.25	435
-1368.25	449
-1371.25	420
-1374.26	401
-1377.26	366
-1380.27	380
-1383.28	371
-1386.29	332
-1389.3	319
-1392.31	285
