2745.96	345
2744.58	366
2743.19	374
2741.81	381
2740.42	369
2739.03	385
2737.64	355
2736.25	375
2734.86	385
2733.47	367
2732.08	371
2730.69	388
2729.3	370
2727.91	391
2726.51	380
2725.12	398
2723.73	376
2722.33	395
2720.94	380
2719.54	374
2718.15	387
2716.75	366
2715.35	390
2713.96	376
2712.56	359
2711.16	360
2709.76	395
2708.36	375
2706.96	374
2705.56	394
2704.16	384
2702.76	372
2701.36	384
2699.96	381
2698.56	377
2697.15	388
2695.75	424
2694.34	392
2692.94	391
2691.53	411
2690.13	398
2688.72	394
2687.31	400
2685.91	422
2684.5	392
2683.09	407
2681.68	397
2680.27	406
2678.86	407
2677.45	396
2676.04	410
2674.63	389
2673.22	391
2671.81	390
2670.39	406
2668.98	381
2667.57	389
2666.15	388
2664.74	397
2663.32	413
2661.91	391
2660.49	411
2659.07	414
2657.65	421
2656.24	415
2654.82	408
2653.4	410
2651.98	403
2650.56	415
2649.14	426
2647.72	412
2646.3	437
2644.87	444
2643.45	422
2642.03	431
2640.61	432
2639.18	427
2637.76	438
2636.33	439
2634.91	422
2633.48	428
2632.05	412
2630.62	435
2629.2	430
2627.77	455
2626.34	422
2624.91	448
2623.48	418
2622.05	467
2620.62	428
2619.19	443
2617.76	464
2616.32	435
2614.89	454
2613.46	446
2612.02	454
2610.59	470
2609.15	444
2607.72	461
2606.28	449
2604.85	447
2603.41	457
2601.97	458
2600.53	443
2599.09	445
2597.65	438
2596.22	427
2594.78	445
2593.33	462
2591.89	453
2590.45	469
2589.01	476
2587.57	465
2586.12	459
2584.68	463
2583.23	477
2581.79	482
2580.34	481
2578.9	480
2577.45	482
2576	455
2574.56	495
2573.11	467
2571.66	512
2570.21	487
2568.76	488
2567.31	480
2565.86	492
2564.41	476
2562.96	492
2561.51	492
2560.05	494
2558.6	492
2557.15	514
2555.69	508
2554.24	514
2552.78	487
2551.32	520
2549.87	529
2548.41	494
2546.95	505
2545.5	524
2544.04	534
2542.58	551
2541.12	517
2539.66	531
2538.2	532
2536.74	551
2535.27	508
2533.81	519
2532.35	528
2530.89	508
2529.42	548
2527.96	506
2526.49	504
2525.03	550
2523.56	550
2522.09	542
2520.63	541
2519.16	556
2517.69	567
2516.22	541
2514.75	565
2513.28	533
2511.81	556
2510.34	574
2508.87	541
2507.4	541
2505.93	551
2504.45	554
2502.98	539
2501.51	571
2500.03	587
2498.56	572
2497.08	563
2495.6	574
2494.13	584
2492.65	578
2491.17	568
2489.69	570
2488.22	587
2486.74	586
2485.26	565
2483.78	564
2482.29	593
2480.81	574
2479.33	573
2477.85	591
2476.36	564
2474.88	601
2473.4	593
2471.91	599
2470.43	606
2468.94	608
2467.45	581
2465.97	583
2464.48	604
2462.99	633
2461.5	600
2460.01	581
2458.52	590
2457.03	614
2455.54	613
2454.05	606
2452.56	631
2451.07	603
2449.57	623
2448.08	635
2446.59	613
2445.09	642
2443.6	646
2442.1	628
2440.6	642
2439.11	639
2437.61	663
2436.11	657
2434.61	638
2433.12	649
2431.62	656
2430.12	656
2428.62	647
2427.11	625
2425.61	643
2424.11	642
2422.61	640
2421.1	668
2419.6	645
2418.1	658
2416.59	677
2415.09	680
2413.58	658
2412.07	685
2410.57	669
2409.06	669
2407.55	668
2406.04	693
2404.53	659
2403.02	659
2401.51	705
2400	718
2398.49	689
2396.98	714
2395.46	698
2393.95	693
2392.44	715
2390.92	693
2389.41	721
2387.89	691
2386.38	715
2384.86	706
2383.34	685
2381.82	721
2380.31	724
2378.79	748
2377.27	737
2375.75	755
2374.23	713
2372.71	732
2371.19	738
2369.66	723
2368.14	748
2366.62	725
2365.09	706
2363.57	759
2362.04	748
2360.52	764
2358.99	737
2357.47	763
2355.94	756
2354.41	752
2352.88	746
2351.35	751
2349.83	782
2348.3	770
2346.77	758
2345.23	781
2343.7	772
2342.17	787
2340.64	805
2339.1	781
2337.57	817
2336.04	766
2334.5	804
2332.97	783
2331.43	793
2329.89	807
2328.36	793
2326.82	782
2325.28	814
2323.74	819
2322.2	820
2320.66	833
2319.12	841
2317.58	823
2316.04	810
2314.5	820
2312.95	841
2311.41	791
2309.87	822
2308.32	813
2306.78	840
2305.23	849
2303.68	842
2302.14	887
2300.59	857
2299.04	870
2297.49	863
2295.94	887
2294.39	854
2292.84	855
2291.29	837
2289.74	866
2288.19	882
2286.64	875
2285.09	846
2283.53	891
2281.98	903
2280.42	865
2278.87	910
2277.31	889
2275.76	898
2274.2	880
2272.64	907
2271.08	903
2269.52	903
2267.96	903
2266.4	904
2264.84	924
2263.28	924
2261.72	910
2260.16	948
2258.6	936
2257.03	934
2255.47	912
2253.9	937
2252.34	930
2250.77	964
2249.21	981
2247.64	972
2246.07	963
2244.51	973
2242.94	982
2241.37	991
2239.8	998
2238.23	978
2236.66	973
2235.09	975
2233.51	1020
2231.94	1031
2230.37	1019
2228.79	983
2227.22	1006
2225.65	1012
2224.07	1016
2222.49	1040
2220.92	1004
2219.34	1013
2217.76	1060
2216.18	1040
2214.61	1056
2213.03	1054
2211.45	1075
2209.86	1080
2208.28	1070
2206.7	1064
2205.12	1083
2203.54	1076
2201.95	1086
2200.37	1089
2198.78	1098
2197.2	1070
2195.61	1064
2194.03	1111
2192.44	1109
2190.85	1071
2189.26	1123
2187.67	1110
2186.09	1096
2184.5	1133
2182.9	1128
2181.31	1140
2179.72	1113
2178.13	1150
2176.54	1139
2174.94	1168
2173.35	1160
2171.75	1167
2170.16	1171
2168.56	1182
2166.97	1162
2165.37	1162
2163.77	1182
2162.17	1160
2160.58	1173
2158.98	1201
2157.38	1151
2155.78	1175
2154.17	1204
2152.57	1203
2150.97	1215
2149.37	1206
2147.76	1170
2146.16	1240
2144.56	1228
2142.95	1214
2141.34	1227
2139.74	1249
2138.13	1238
2136.52	1244
2134.91	1251
2133.31	1222
2131.7	1213
2130.09	1273
2128.48	1276
2126.86	1230
2125.25	1271
2123.64	1267
2122.03	1275
2120.41	1258
2118.8	1277
2117.18	1256
2115.57	1284
2113.95	1294
2112.34	1277
2110.72	1271
2109.1	1262
2107.48	1276
2105.86	1283
2104.25	1309
2102.63	1304
2101	1303
2099.38	1298
2097.76	1328
2096.14	1345
2094.52	1306
2092.89	1314
2091.27	1279
2089.64	1322
2088.02	1311
2086.39	1277
2084.76	1337
2083.14	1314
2081.51	1319
2079.88	1342
2078.25	1339
2076.62	1345
2074.99	1359
2073.36	1336
2071.73	1345
2070.1	1360
2068.46	1331
2066.83	1340
2065.2	1340
2063.56	1331
2061.93	1344
2060.29	1378
2058.65	1348
2057.02	1358
2055.38	1354
2053.74	1344
2052.1	1365
2050.46	1378
2048.82	1347
2047.18	1361
2045.54	1354
2043.9	1359
2042.26	1393
2040.61	1366
2038.97	1313
2037.33	1367
2035.68	1380
2034.04	1327
2032.39	1371
2030.74	1385
2029.1	1336
2027.45	1360
2025.8	1384
2024.15	1394
2022.5	1383
2020.85	1386
2019.2	1392
2017.55	1352
2015.89	1379
2014.24	1364
2012.59	1363
2010.93	1384
2009.28	1364
2007.62	1396
2005.97	1344
2004.31	1352
2002.65	1390
2001	1354
1999.34	1382
1997.68	1378
1996.02	1380
1994.36	1389
1992.7	1379
1991.04	1415
1989.38	1397
1987.71	1398
1986.05	1403
1984.39	1378
1982.72	1398
1981.06	1415
1979.39	1393
1977.72	1388
1976.06	1391
1974.39	1387
1972.72	1400
1971.05	1403
1969.38	1404
1967.71	1424
1966.04	1458
1964.37	1434
1962.7	1442
1961.03	1424
1959.35	1442
1957.68	1455
1956	1417
1954.33	1459
1952.65	1444
1950.98	1425
1949.3	1476
1947.62	1439
1945.94	1444
1944.27	1480
1942.59	1447
1940.91	1466
1939.23	1444
1937.54	1466
1935.86	1464
1934.18	1420
1932.5	1455
1930.81	1460
1929.13	1489
1927.44	1466
1925.76	1478
1924.07	1522
1922.39	1496
1920.7	1445
1919.01	1481
1917.32	1501
1915.63	1467
1913.94	1472
1912.25	1463
1910.56	1511
1908.87	1481
1907.17	1508
1905.48	1496
1903.79	1474
1902.09	1524
1900.4	1489
1898.7	1546
1897.01	1544
1895.31	1525
1893.61	1544
1891.91	1557
1890.21	1573
1888.51	1622
1886.81	1591
1885.11	1626
1883.41	1587
1881.71	1559
1880.01	1589
1878.3	1610
1876.6	1657
1874.9	1622
1873.19	1620
1871.48	1653
1869.78	1659
1868.07	1643
1866.36	1655
1864.65	1680
1862.95	1709
1861.24	1672
1859.53	1704
1857.81	1720
1856.1	1726
1854.39	1693
1852.68	1704
1850.96	1766
1849.25	1762
1847.54	1739
1845.82	1773
1844.1	1784
1842.39	1767
1840.67	1785
1838.95	1810
1837.23	1807
1835.51	1810
1833.79	1892
1832.07	1789
1830.35	1863
1828.63	1930
1826.91	1903
1825.18	1898
1823.46	1875
1821.74	1908
1820.01	1925
1818.29	1958
1816.56	1941
1814.83	1972
1813.1	1948
1811.38	1979
1809.65	1991
1807.92	2019
1806.19	2046
1804.46	2040
1802.73	2064
1800.99	2038
1799.26	2036
1797.53	2103
1795.79	2050
1794.06	2138
1792.32	2113
1790.59	2170
1788.85	2150
1787.11	2165
1785.37	2201
1783.64	2195
1781.9	2191
1780.16	2209
1778.42	2221
1776.67	2217
1774.93	2294
1773.19	2270
1771.45	2323
1769.7	2351
1767.96	2325
1766.21	2395
1764.47	2363
1762.72	2368
1760.97	2368
1759.23	2427
1757.48	2456
1755.73	2530
1753.98	2526
1752.23	2500
1750.48	2556
1748.73	2572
1746.97	2583
1745.22	2609
1743.47	2650
1741.71	2656
1739.96	2702
1738.2	2758
1736.44	2707
1734.69	2787
1732.93	2834
1731.17	2805
1729.41	2871
1727.65	2924
1725.89	2884
1724.13	2945
1722.37	3019
1720.61	3012
1718.85	2980
1717.08	3050
1715.32	3065
1713.55	3072
1711.79	3102
1710.02	3206
1708.25	3187
1706.49	3277
1704.72	3302
1702.95	3283
1701.18	3355
1699.41	3380
1697.64	3395
1695.87	3469
1694.09	3496
1692.32	3582
1690.55	3624
1688.77	3610
1687	3681
1685.22	3726
1683.45	3771
1681.67	3832
1679.89	3813
1678.11	3873
1676.34	3813
1674.56	3900
1672.78	3964
1671	4003
1669.21	3959
1667.43	3983
1665.65	4064
1663.86	4108
1662.08	4090
1660.3	4226
1658.51	4204
1656.72	4238
1654.94	4240
1653.15	4249
1651.36	4309
1649.57	4266
1647.78	4355
1645.99	4310
1644.2	4369
1642.41	4353
1640.62	4407
1638.82	4406
1637.03	4389
1635.24	4389
1633.44	4433
1631.65	4418
1629.85	4403
1628.05	4375
1626.25	4363
1624.46	4379
1622.66	4349
1620.86	4350
1619.06	4340
1617.26	4312
1615.45	4370
1613.65	4321
1611.85	4323
1610.04	4306
1608.24	4306
1606.43	4287
1604.63	4207
1602.82	4306
1601.02	4209
1599.21	4191
1597.4	4232
1595.59	4258
1593.78	4183
1591.97	4179
1590.16	4122
1588.35	4150
1586.53	4085
1584.72	4132
1582.91	4122
1581.09	4137
1579.28	4131
1577.46	4065
1575.64	4080
1573.82	4041
1572.01	4071
1570.19	4140
1568.37	4039
1566.55	4012
1564.73	4009
1562.91	4008
1561.08	4066
1559.26	3964
1557.44	3978
1555.61	3963
1553.79	3872
1551.96	3951
1550.14	3912
1548.31	3885
1546.48	3926
1544.65	3870
1542.82	3888
1540.99	3920
1539.16	3863
1537.33	3883
1535.5	3793
1533.67	3858
1531.83	3826
1530	3836
1528.16	3810
1526.33	3807
1524.49	3773
1522.66	3747
1520.82	3806
1518.98	3753
1517.14	3734
1515.3	3793
1513.46	3744
1511.62	3733
1509.78	3711
1507.94	3797
1506.09	3725
1504.25	3758
1502.41	3713
1500.56	3722
1498.71	3705
1496.87	3695
1495.02	3681
1493.17	3749
1491.32	3689
1489.47	3753
1487.63	3676
1485.77	3681
1483.92	3745
1482.07	3761
1480.22	3761
1478.36	3744
1476.51	3769
1474.66	3767
1472.8	3841
1470.94	3835
1469.09	3834
1467.23	3841
1465.37	3844
1463.51	3825
1461.65	3828
1459.79	3859
1457.93	3823
1456.07	3842
1454.2	3839
1452.34	3800
1450.48	3778
1448.61	3844
1446.75	3765
1444.88	3820
1443.01	3752
1441.14	3773
1439.28	3784
1437.41	3725
1435.54	3712
1433.67	3746
1431.8	3741
1429.92	3690
1428.05	3725
1426.18	3712
1424.3	3719
1422.43	3707
1420.55	3653
1418.68	3687
1416.8	3630
1414.92	3722
1413.04	3692
1411.17	3727
1409.29	3668
1407.41	3691
1405.52	3685
1403.64	3634
1401.76	3692
1399.88	3684
1397.99	3696
1396.11	3665
1394.22	3705
1392.34	3722
1390.45	3700
1388.56	3734
1386.67	3675
1384.78	3717
1382.89	3677
1381	3746
1379.11	3685
1377.22	3736
1375.33	3721
1373.43	3703
1371.54	3707
1369.65	3753
1367.75	3770
1365.85	3787
1363.96	3766
1362.06	3770
1360.16	3771
1358.26	3805
1356.36	3846
1354.46	3837
1352.56	3813
1350.66	3822
1348.75	3781
1346.85	3823
1344.95	3841
1343.04	3857
1341.14	3823
1339.23	3825
1337.32	3840
1335.42	3797
1333.51	3875
1331.6	3882
1329.69	3831
1327.78	3828
1325.86	3865
1323.95	3900
1322.04	3895
1320.13	3892
1318.21	3888
1316.3	3903
1314.38	3916
1312.46	3962
1310.55	3984
1308.63	3988
1306.71	4040
1304.79	3998
1302.87	4003
1300.95	4096
1299.03	4036
1297.1	4072
1295.18	4133
1293.26	4090
1291.33	4170
1289.41	4218
1287.48	4158
1285.55	4347
1283.63	4267
1281.7	4271
1279.77	4319
1277.84	4313
1275.91	4316
1273.98	4344
1272.05	4340
1270.11	4350
1268.18	4351
1266.24	4360
1264.31	4354
1262.37	4382
1260.44	4331
1258.5	4336
1256.56	4278
1254.62	4267
1252.68	4369
1250.74	4210
1248.8	4234
1246.86	4255
1244.92	4176
1242.98	4197
1241.03	4117
1239.09	4101
1237.14	4132
1235.2	4058
1233.25	3995
1231.3	3931
1229.35	3877
1227.4	3914
1225.45	3787
1223.5	3788
1221.55	3748
1219.6	3657
1217.65	3599
1215.69	3566
1213.74	3584
1211.78	3500
1209.83	3509
1207.87	3428
1205.91	3393
1203.96	3374
1202	3338
1200.04	3307
1198.08	3250
1196.12	3285
1194.15	3233
1192.19	3183
1190.23	3170
1188.26	3111
1186.3	3179
1184.33	3153
1182.37	3144
1180.4	3169
1178.43	3194
1176.46	3106
1174.49	3091
1172.52	3102
1170.55	3149
1168.58	3131
1166.61	3139
1164.64	3148
1162.66	3145
1160.69	3135
1158.71	3154
1156.73	3170
1154.76	3196
1152.78	3231
1150.8	3234
1148.82	3229
1146.84	3271
1144.86	3310
1142.88	3304
1140.9	3271
1138.91	3315
1136.93	3286
1134.95	3343
1132.96	3314
1130.97	3338
1128.99	3356
1127	3347
1125.01	3332
1123.02	3285
1121.03	3317
1119.04	3318
1117.05	3284
1115.06	3298
1113.07	3287
1111.07	3287
1109.08	3265
1107.08	3264
1105.09	3301
1103.09	3248
1101.09	3236
1099.09	3249
1097.09	3212
1095.09	3213
1093.09	3158
1091.09	3188
1089.09	3225
1087.09	3184
1085.08	3211
1083.08	3201
1081.07	3134
1079.07	3225
1077.06	3150
1075.05	3118
1073.04	3093
1071.03	3203
1069.02	3137
1067.01	3091
1065	3143
1062.99	3155
1060.98	3146
1058.96	3073
1056.95	3120
1054.93	3072
1052.92	3124
1050.9	3069
1048.88	3047
1046.86	3060
1044.84	3012
1042.82	2962
1040.8	2975
1038.78	2944
1036.76	2966
1034.74	2938
1032.71	2931
1030.69	2896
1028.66	2916
1026.64	2881
1024.61	2879
1022.58	2830
1020.55	2752
1018.52	2786
1016.49	2757
1014.46	2754
1012.43	2759
1010.4	2730
1008.36	2737
1006.33	2717
1004.29	2723
1002.26	2676
1000.22	2685
998.184	2661
996.146	2703
994.108	2728
992.068	2632
990.028	2669
987.986	2647
985.944	2722
983.901	2690
981.858	2698
979.813	2687
977.768	2706
975.722	2717
973.675	2701
971.627	2715
969.579	2674
967.53	2721
965.48	2763
963.429	2775
961.377	2762
959.325	2765
957.273	2737
955.218	2760
953.163	2798
951.108	2751
949.051	2745
946.994	2801
944.936	2802
942.878	2783
940.818	2838
938.758	2779
936.697	2857
934.634	2909
932.572	2940
930.509	2947
928.444	2966
926.379	3013
924.313	3015
922.246	3028
920.179	2988
918.111	3033
916.041	3051
913.972	3102
911.901	3026
909.829	3026
907.757	3027
905.684	3102
903.61	3069
901.535	3063
899.46	3045
897.383	3010
895.306	2987
893.228	3025
891.149	3062
889.069	3019
886.989	3043
884.908	3058
882.826	3099
880.743	3097
878.659	3100
876.575	3182
874.49	3157
872.403	3218
870.317	3219
868.229	3266
866.141	3267
864.051	3349
861.961	3317
859.87	3356
857.779	3379
855.685	3376
853.592	3407
851.498	3475
849.403	3464
847.307	3460
845.211	3452
843.113	3384
841.015	3390
838.916	3528
836.816	3524
834.715	3514
832.613	3554
830.511	3493
828.408	3496
826.304	3462
824.199	3473
822.093	3471
819.987	3465
817.879	3494
815.771	3467
813.663	3479
811.553	3462
809.442	3473
807.331	3479
805.218	3508
803.105	3464
800.992	3555
798.877	3519
796.761	3532
794.645	3546
792.527	3532
790.41	3556
788.291	3612
786.171	3594
784.051	3605
781.929	3590
779.807	3688
777.684	3648
775.56	3651
773.436	3663
771.31	3695
769.184	3692
767.057	3738
764.929	3784
762.8	3782
760.67	3756
758.54	3826
756.409	3793
754.277	3904
752.143	3855
750.01	3876
747.875	3865
745.74	3851
743.603	3924
741.466	3878
739.328	3938
737.189	3949
735.049	3970
732.909	3994
730.768	3973
728.626	3957
726.483	4003
724.339	3951
722.194	3979
720.049	3989
717.903	4043
715.755	4030
713.607	4018
711.458	4006
709.308	4003
707.158	3996
705.007	4029
702.855	4001
700.701	4005
698.548	4076
696.393	3980
694.237	3967
692.081	3997
689.923	4069
687.765	4068
685.606	4016
683.446	3964
681.286	3983
679.124	4013
676.962	3986
674.798	4062
672.635	4030
670.469	4044
668.304	4077
666.137	4063
663.969	4001
661.801	4061
659.632	4098
657.462	4175
655.291	4210
653.119	4161
650.947	4217
648.773	4221
646.599	4282
644.424	4277
642.248	4293
640.071	4339
637.893	4333
635.714	4353
633.535	4339
631.354	4349
629.173	4382
626.992	4513
624.809	4439
622.625	4454
620.44	4459
618.255	4489
616.069	4501
613.882	4536
611.694	4529
609.505	4578
607.315	4615
605.124	4555
602.933	4638
600.741	4619
598.548	4651
596.354	4656
594.158	4736
591.963	4701
589.766	4704
587.569	4772
585.37	4748
583.171	4696
580.971	4803
578.769	4838
576.569	4830
574.365	4796
572.161	4842
569.957	4898
567.752	4871
565.545	4943
563.339	4980
561.13	5019
558.922	5003
556.712	5018
554.502	5128
552.291	5192
550.078	5172
547.865	5162
545.651	5219
543.436	5254
541.22	5268
539.004	5308
536.787	5397
534.568	5480
532.349	5467
530.128	5450
527.907	5422
525.686	5443
523.463	5612
521.239	5596
519.015	5623
516.789	5593
514.563	5618
512.335	5644
510.107	5708
507.879	5654
505.648	5671
503.418	5611
501.186	5682
498.954	5602
496.721	5591
494.486	5562
492.251	5634
490.015	5631
487.778	5595
485.541	5576
483.302	5603
481.063	5567
478.822	5546
476.581	5532
474.338	5582
472.096	5634
469.851	5612
467.607	5629
465.361	5582
463.114	5679
460.867	5721
458.618	5816
456.369	5835
454.119	5811
451.868	5872
449.616	5861
447.363	5908
445.11	6024
442.854	5992
440.599	5992
438.343	6081
436.085	6158
433.827	6072
431.568	6180
429.308	6502
427.047	6883
424.786	6717
422.522	6392
420.259	6348
417.994	6367
415.729	6444
413.463	6363
411.196	6368
408.927	6462
406.658	6440
404.389	6442
402.118	6444
399.846	6434
397.573	6435
395.3	6504
393.025	6429
390.75	6428
388.474	6385
386.196	6454
383.919	6420
381.64	6449
379.36	6468
377.08	6395
374.798	6457
372.515	6470
370.231	6507
367.947	6490
365.662	6476
363.376	6399
361.089	6487
358.801	6438
356.511	6479
354.222	6502
351.931	6506
349.639	6530
347.347	6513
345.053	6612
342.759	6623
340.463	6551
338.167	6653
335.871	6635
333.572	6636
331.273	6692
328.974	6722
326.673	6743
324.371	6748
322.068	6822
319.765	6972
317.46	7007
315.154	7058
312.849	7192
310.541	7193
308.233	7306
305.924	7416
303.614	7521
301.303	7656
298.992	7693
296.679	7839
294.365	7938
292.051	8073
289.734	8254
287.418	8333
285.101	8504
282.783	8671
280.463	8961
278.144	9045
275.822	9223
273.5	9420
271.178	9692
268.853	9779
266.529	10027
264.203	10352
261.876	10608
259.548	10786
257.22	11048
254.891	11340
252.561	11724
250.229	11890
247.897	12177
245.564	12478
243.23	12766
240.895	13164
238.559	13429
236.222	13895
233.884	14205
231.545	14557
229.206	14872
226.865	15421
224.524	15616
222.181	16117
219.838	16449
217.493	17000
215.148	17547
212.802	17896
210.455	18411
208.106	18817
205.758	19512
203.407	19952
201.056	20654
198.705	21042
196.351	21641
193.997	22126
191.643	22520
189.288	23237
186.931	23599
184.574	24189
182.214	24641
179.855	24968
177.495	25651
175.134	25804
172.771	26429
170.408	26949
168.044	27328
165.679	27452
163.312	27874
160.946	28509
158.578	28907
156.208	29202
153.838	29384
151.468	29711
149.097	29999
146.724	30394
144.349	30665
141.975	31120
139.599	31418
137.223	31716
134.846	32197
132.467	32509
130.088	32720
127.707	33295
125.326	33746
122.944	34653
120.56	35333
118.177	35926
115.791	36816
113.405	37673
111.018	38771
108.63	39609
106.241	40791
103.851	41776
101.46	43285
99.0686	44864
96.675	46537
94.2815	48350
91.8872	50354
89.4909	52799
87.0947	55604
84.6966	58169
82.2976	61069
79.8987	64099
77.4979	64524
75.0962	64524
72.6935	64524
70.29	64524
67.8855	64524
65.4801	64524
63.0739	64524
60.6667	64524
58.2586	64524
55.8495	64524
53.4386	64524
51.0278	64524
48.616	64524
46.2023	64524
43.7887	64524
41.3732	64524
38.9568	64524
36.5404	64524
34.1222	64524
31.703	64524
29.2829	64524
26.8618	64524
24.4399	64524
22.017	64524
19.5932	64524
17.1685	64524
14.7429	64524
12.3153	64524
9.88782	64524
7.4594	64524
5.02907	64524
2.5988	64524
0.166609	64524
-2.26552	64524
-4.69956	64524
-7.13454	64524
-9.57045	64524
-12.0063	64524
-14.4441	64524
-16.8828	64524
-19.3224	64524
-21.763	64524
-24.2045	64524
-26.6479	64524
-29.0913	64524
-31.5356	64524
-33.9808	64524
-36.428	64524
-38.8751	64524
-41.3241	64524
-43.7731	64524
-46.224	64524
-48.6749	64524
-51.1277	64524
-53.5814	64524
-56.0361	64524
-58.4907	64524
-60.9473	64524
-63.4048	64524
-65.8633	60650
-68.3227	53600
-70.783	47469
-73.2453	42054
-75.7075	37472
-78.1707	33475
-80.6348	29936
-83.1009	26847
-85.5669	24233
-88.0349	21934
-90.5028	20138
-92.9727	18202
-95.4425	16432
-97.9143	14989
-100.387	13569
-102.861	12221
-105.334	11317
-107.81	10442
-110.286	9589
-112.764	8857
-115.242	8087
-117.722	7451
-120.203	6707
-122.684	6139
-125.167	5597
-127.65	5100
-130.135	4636
-132.62	4274
-135.106	3962
-137.594	3687
-140.082	3398
-142.572	3138
-145.063	2841
-147.554	2519
-150.047	2286
-152.541	2123
-155.036	1971
-157.532	1885
-160.028	1744
-162.526	1583
-165.025	1484
-167.525	1408
-170.025	1353
-172.527	1294
-175.029	1234
-177.534	1176
-180.038	1074
-182.544	1035
-185.051	1023
-187.559	975
-190.068	974
-192.577	891
-195.089	936
-197.6	864
-200.113	866
-202.628	853
-205.143	812
-207.659	798
-210.176	796
-212.694	779
-215.213	803
-217.734	748
-220.255	741
-222.777	744
-225.3	738
-227.824	734
-230.349	714
-232.876	689
-235.403	676
-237.932	693
-240.461	655
-242.992	649
-245.523	625
-248.056	624
-250.589	639
-253.124	586
-255.66	597
-258.197	609
-260.734	576
-263.273	580
-265.813	589
-268.354	567
-270.896	537
-273.439	556
-275.982	558
-278.527	519
-281.074	514
-283.621	499
-286.169	486
-288.718	495
-291.269	450
-293.82	463
-296.372	454
-298.925	445
-301.48	428
-304.035	431
-306.592	450
-309.15	443
-311.708	425
-314.268	438
-316.828	402
-319.39	409
-321.953	404
-324.517	391
-327.082	369
-329.648	385
-332.215	373
-334.783	390
-337.352	366
-339.922	357
-342.493	373
-345.066	377
-347.639	353
-350.213	349
-352.789	361
-355.365	343
-357.943	339
-360.521	341
-363.101	339
-365.681	323
-368.263	326
-370.847	332
-373.431	309
-376.015	336
-378.601	334
-381.188	313
-383.777	296
-386.366	285
-388.956	306
-391.548	287
-394.14	295
-396.733	292
-399.328	283
-401.923	287
-404.521	284
-407.118	284
-409.717	288
-412.317	258
-414.918	262
-417.52	284
-420.123	276
-422.727	272
-425.332	271
-427.939	259
-430.546	258
-433.155	266
-435.764	254
-438.374	264
-440.986	272
-443.599	251
-446.213	243
-448.828	267
-451.444	254
-454.061	234
-456.68	240
-459.299	244
-461.919	232
-464.54	239
-467.163	235
-469.786	250
-472.411	234
-475.037	236
-477.663	230
-480.292	242
-482.92	243
-485.551	223
-488.182	222
-490.814	221
-493.447	217
-496.082	226
-498.717	226
-501.354	233
-503.992	227
-506.63	231
-509.27	225
-511.911	213
-514.553	235
-517.197	214
-519.841	222
-522.486	207
-525.133	219
-527.78	198
-530.429	217
-533.078	207
-535.729	216
-538.381	208
-541.034	207
-543.688	213
-546.343	200
-548.999	198
-551.657	218
-554.316	200
-556.975	215
-559.636	208
-562.297	205
-564.961	197
-567.625	204
-570.29	226
-572.956	208
-575.623	215
-578.292	211
-580.961	200
-583.632	209
-586.303	204
-588.976	214
-591.65	208
-594.326	214
-597.002	221
-599.679	208
-602.358	205
-605.037	212
-607.718	209
-610.399	223
-613.082	224
-615.767	201
-618.452	222
-621.138	209
-623.825	210
-626.514	212
-629.203	203
-631.893	229
-634.586	223
-637.278	221
-639.973	220
-642.667	214
-645.364	223
-648.061	214
-650.76	237
-653.46	198
-656.16	215
-658.862	220
-661.566	227
-664.269	229
-666.974	241
-669.681	210
-672.389	232
-675.097	220
-677.807	229
-680.518	229
-683.23	227
-685.943	230
-688.658	222
-691.373	227
-694.089	211
-696.807	222
-699.526	213
-702.245	213
-704.966	230
-707.689	238
-710.412	231
-713.136	213
-715.863	225
-718.589	221
-721.317	217
-724.046	214
-726.776	217
-729.508	225
-732.24	205
-734.974	201
-737.709	243
-740.444	233
-743.182	215
-745.919	231
-748.659	227
-751.399	204
-754.141	221
-756.883	204
-759.627	222
-762.372	222
-765.119	216
-767.866	207
-770.615	214
-773.365	223
-776.115	223
-778.867	234
-781.62	220
-784.375	231
-787.13	240
-789.886	228
-792.644	235
-795.402	212
-798.162	234
-800.924	244
-803.686	226
-806.449	244
-809.215	238
-811.98	227
-814.747	234
-817.516	227
-820.284	222
-823.054	235
-825.827	216
-828.599	221
-831.373	228
-834.149	223
-836.924	224
-839.702	216
-842.48	199
-845.26	196
-848.042	230
-850.823	228
-853.606	224
-856.391	236
-859.177	214
-861.963	227
-864.751	230
-867.54	198
-870.331	210
-873.122	221
-875.915	226
-878.709	209
-881.504	233
-884.3	217
-887.097	211
-889.895	227
-892.695	215
-895.496	215
-898.298	233
-901.101	208
-903.905	224
-906.711	204
-909.518	214
-912.325	211
-915.134	200
-917.945	226
-920.756	198
-923.569	219
-926.383	206
-929.198	204
-932.013	217
-934.831	227
-937.649	224
-940.47	227
-943.29	208
-946.113	235
-948.936	214
-951.761	222
-954.586	214
-957.413	228
-960.242	230
-963.07	247
-965.901	247
-968.733	237
-971.565	226
-974.399	243
-977.235	224
-980.072	256
-982.908	229
-985.747	243
-988.588	240
-991.429	238
-994.271	246
-997.115	261
-999.96	256
-1002.81	254
-1005.65	239
-1008.5	267
-1011.35	265
-1014.2	258
-1017.05	253
-1019.91	242
-1022.76	252
-1025.62	253
-1028.47	251
-1031.33	263
-1034.19	257
-1037.05	260
-1039.91	249
-1042.78	266
-1045.64	274
-1048.51	259
-1051.37	264
-1054.24	263
-1057.11	273
-1059.98	289
-1062.85	282
-1065.72	284
-1068.6	278
-1071.47	283
-1074.35	307
-1077.23	297
-1080.11	294
-1082.99	287
-1085.87	298
-1088.75	280
-1091.63	281
-1094.52	295
-1097.4	300
-1100.29	323
-1103.18	294
-1106.07	307
-1108.96	322
-1111.85	298
-1114.75	310
-1117.64	301
-1120.54	318
-1123.43	325
-1126.33	309
-1129.23	329
-1132.13	315
-1135.03	333
-1137.94	327
-1140.84	327
-1143.75	333
-1146.65	340
-1149.56	343
-1152.47	342
-1155.38	382
-1158.3	401
-1161.21	408
-1164.12	410
-1167.04	425
-1169.96	419
-1172.87	465
-1175.79	472
-1178.71	533
-1181.64	615
-1184.56	664
-1187.48	791
-1190.41	936
-1193.33	1043
-1196.26	1186
-1199.19	1228
-1202.12	1406
-1205.06	1620
-1207.99	1796
-1210.92	1987
-1213.86	2216
-1216.8	2315
-1219.73	2470
-1222.67	2702
-1225.61	2958
-1228.55	3324
-1231.5	3656
-1234.44	3931
-1237.39	4403
-1240.33	5037
-1243.28	6110
-1246.23	8110
-1249.18	9848
-1252.14	11394
-1255.09	12883
-1258.04	13991
-1261	14257
-1263.96	13848
-1266.91	14029
-1269.87	12838
-1272.83	11392
-1275.8	10277
-1278.76	8380
-1281.72	5871
-1284.69	3893
-1287.66	2358
-1290.62	1529
-1293.59	1246
-1296.57	1122
-1299.54	901
-1302.51	779
-1305.49	737
-1308.46	681
-1311.44	617
-1314.42	593
-1317.4	560
-1320.38	565
-1323.36	555
-1326.34	551
-1329.33	523
-1332.32	514
-1335.3	487
-1338.29	488
-1341.28	540
-1344.27	522
-1347.27	499
-1350.26	508
-1353.26	510
-1356.25	498
-1359.25	475
-1362.25	492
-1365.25	460
-1368.25	449
-1371.25	431
-1374.26	404
-1377.26	418
-1380.27	372
-1383.28	373
-1386.29	332
-1389.3	302
-1392.31	251
