2745.96	352
2744.58	369
2743.19	378
2741.81	366
2740.42	352
2739.03	358
2737.64	355
2736.25	371
2734.86	363
2733.47	344
2732.08	397
2730.69	366
2729.3	388
2727.91	364
2726.51	376
2725.12	365
2723.73	377
2722.33	382
2720.94	366
2719.54	380
2718.15	363
2716.75	393
2715.35	379
2713.96	373
2712.56	382
2711.16	382
2709.76	417
2708.36	384
2706.96	381
2705.56	387
2704.16	365
2702.76	395
2701.36	382
2699.96	369
2698.56	392
2697.15	385
2695.75	382
2694.34	381
2692.94	393
2691.53	398
2690.13	395
2688.72	393
2687.31	389
2685.91	395
2684.5	403
2683.09	382
2681.68	407
2680.27	413
2678.86	412
2677.45	402
2676.04	371
2674.63	390
2673.22	405
2671.81	390
2670.39	409
2668.98	400
2667.57	407
2666.15	391
2664.74	383
2663.32	389
2661.91	400
2660.49	408
2659.07	402
2657.65	404
2656.24	419
2654.82	388
2653.4	414
2651.98	407
2650.56	408
2649.14	414
2647.72	402
2646.3	437
2644.87	434
2643.45	434
2642.03	435
2640.61	433
2639.18	435
2637.76	433
2636.33	437
2634.91	442
2633.48	427
2632.05	430
2630.62	419
2629.2	443
2627.77	447
2626.34	432
2624.91	455
2623.48	426
2622.05	434
2620.62	444
2619.19	436
2617.76	452
2616.32	465
2614.89	449
2613.46	448
2612.02	440
2610.59	450
2609.15	463
2607.72	441
2606.28	450
2604.85	460
2603.41	453
2601.97	462
2600.53	467
2599.09	449
2597.65	456
2596.22	449
2594.78	463
2593.33	488
2591.89	461
2590.45	474
2589.01	467
2587.57	490
2586.12	454
2584.68	501
2583.23	473
2581.79	468
2580.34	481
2578.9	471
2577.45	495
2576	489
2574.56	488
2573.11	483
2571.66	488
2570.21	496
2568.76	491
2567.31	472
2565.86	498
2564.41	502
2562.96	514
2561.51	516
2560.05	504
2558.6	513
2557.15	547
2555.69	511
2554.24	496
2552.78	506
2551.32	511
2549.87	522
2548.41	516
2546.95	526
2545.5	527
2544.04	528
2542.58	523
2541.12	540
2539.66	529
2538.2	532
2536.74	536
2535.27	524
2533.81	538
2532.35	553
2530.89	542
2529.42	538
2527.96	538
2526.49	535
2525.03	567
2523.56	539
2522.09	541
2520.63	545
2519.16	544
2517.69	550
2516.22	558
2514.75	549
2513.28	561
2511.81	564
2510.34	557
2508.87	567
2507.4	565
2505.93	551
2504.45	584
2502.98	569
2501.51	562
2500.03	573
2498.56	562
2497.08	580
2495.6	567
2494.13	581
2492.65	565
2491.17	569
2489.69	594
2488.22	562
2486.74	567
2485.26	611
2483.78	619
2482.29	597
2480.81	595
2479.33	614
2477.85	612
2476.36	606
2474.88	613
2473.4	602
2471.91	611
2470.43	604
2468.94	633
2467.45	609
2465.97	611
2464.48	622
2462.99	618
2461.5	611
2460.01	605
2458.52	638
2457.03	635
2455.54	635
2454.05	642
2452.56	633
2451.07	625
2449.57	626
2448.08	624
2446.59	613
2445.09	625
2443.6	657
2442.1	667
2440.6	642
2439.11	657
2437.61	665
2436.11	647
2434.61	658
2433.12	639
2431.62	627
2430.12	659
2428.62	668
2427.11	687
2425.61	656
2424.11	648
2422.61	658
2421.1	668
2419.6	682
2418.1	686
2416.59	696
2415.09	701
2413.58	668
2412.07	695
2410.57	709
2409.06	714
2407.55	695
2406.04	692
2404.53	686
2403.02	713
2401.51	711
2400	694
2398.49	692
2396.98	717
2395.46	703
2393.95	716
2392.44	707
2390.92	724
2389.41	721
2387.89	720
2386.38	702
2384.86	700
2383.34	724
2381.82	743
2380.31	710
2378.79	759
2377.27	712
2375.75	738
2374.23	764
2372.71	737
2371.19	748
2369.66	754
2368.14	771
2366.62	768
2365.09	769
2363.57	754
2362.04	781
2360.52	772
2358.99	778
2357.47	759
2355.94	761
2354.41	791
2352.88	806
2351.35	781
2349.83	776
2348.3	793
2346.77	790
2345.23	771
2343.7	807
2342.17	804
2340.64	787
2339.1	785
2337.57	806
2336.04	786
2334.5	810
2332.97	812
2331.43	791
2329.89	833
2328.36	813
2326.82	809
2325.28	812
2323.74	798
2322.2	813
2320.66	817
2319.12	845
2317.58	832
2316.04	803
2314.5	827
2312.95	851
2311.41	843
2309.87	838
2308.32	842
2306.78	872
2305.23	854
2303.68	866
2302.14	869
2300.59	883
2299.04	862
2297.49	853
2295.94	875
2294.39	905
2292.84	890
2291.29	869
2289.74	907
2288.19	884
2286.64	885
2285.09	911
2283.53	913
2281.98	902
2280.42	902
2278.87	915
2277.31	912
2275.76	913
2274.2	909
2272.64	943
2271.08	932
2269.52	940
2267.96	913
2266.4	961
2264.84	936
2263.28	944
2261.72	984
2260.16	959
2258.6	1087
2257.03	1142
2255.47	978
2253.9	1002
2252.34	948
2250.77	964
2249.21	989
2247.64	967
2246.07	985
2244.51	994
2242.94	974
2241.37	999
2239.8	1002
2238.23	995
2236.66	1025
2235.09	1017
2233.51	1002
2231.94	1041
2230.37	1048
2228.79	1041
2227.22	1025
2225.65	1039
2224.07	1007
2222.49	1062
2220.92	1061
2219.34	1041
2217.76	1046
2216.18	1058
2214.61	1059
2213.03	1055
2211.45	1065
2209.86	1087
2208.28	1045
2206.7	1114
2205.12	1088
2203.54	1109
2201.95	1094
2200.37	1111
2198.78	1113
2197.2	1100
2195.61	1109
2194.03	1151
2192.44	1140
2190.85	1103
2189.26	1142
2187.67	1151
2186.09	1162
2184.5	1130
2182.9	1148
2181.31	1131
2179.72	1126
2178.13	1145
2176.54	1203
2174.94	1200
2173.35	1182
2171.75	1183
2170.16	1175
2168.56	1200
2166.97	1200
2165.37	1195
2163.77	1224
2162.17	1210
2160.58	1222
2158.98	1234
2157.38	1212
2155.78	1226
2154.17	1249
2152.57	1255
2150.97	1241
2149.37	1248
2147.76	1231
2146.16	1229
2144.56	1276
2142.95	1225
2141.34	1224
2139.74	1242
2138.13	1271
2136.52	1276
2134.91	1271
2133.31	1262
2131.7	1295
2130.09	1280
2128.48	1312
2126.86	1266
2125.25	1269
2123.64	1314
2122.03	1274
2120.41	1276
2118.8	1311
2117.18	1287
2115.57	1303
2113.95	1309
2112.34	1304
2110.72	1368
2109.1	1288
2107.48	1330
2105.86	1345
2104.25	1362
2102.63	1310
2101	1320
2099.38	1341
2097.76	1281
2096.14	1319
2094.52	1351
2092.89	1318
2091.27	1309
2089.64	1329
2088.02	1330
2086.39	1312
2084.76	1357
2083.14	1353
2081.51	1377
2079.88	1383
2078.25	1350
2076.62	1323
2074.99	1379
2073.36	1389
2071.73	1342
2070.1	1373
2068.46	1406
2066.83	1368
2065.2	1401
2063.56	1387
2061.93	1395
2060.29	1367
2058.65	1366
2057.02	1383
2055.38	1406
2053.74	1362
2052.1	1384
2050.46	1393
2048.82	1364
2047.18	1379
2045.54	1377
2043.9	1402
2042.26	1391
2040.61	1370
2038.97	1400
2037.33	1415
2035.68	1417
2034.04	1398
2032.39	1347
2030.74	1390
2029.1	1344
2027.45	1425
2025.8	1375
2024.15	1378
2022.5	1373
2020.85	1416
2019.2	1401
2017.55	1392
2015.89	1411
2014.24	1367
2012.59	1422
2010.93	1423
2009.28	1400
2007.62	1422
2005.97	1408
2004.31	1419
2002.65	1418
2001	1424
1999.34	1411
1997.68	1414
1996.02	1436
1994.36	1431
1992.7	1458
1991.04	1434
1989.38	1417
1987.71	1430
1986.05	1440
1984.39	1443
1982.72	1431
1981.06	1449
1979.39	1407
1977.72	1422
1976.06	1454
1974.39	1412
1972.72	1431
1971.05	1460
1969.38	1399
1967.71	1467
1966.04	1448
1964.37	1448
1962.7	1448
1961.03	1500
1959.35	1496
1957.68	1488
1956	1476
1954.33	1482
1952.65	1450
1950.98	1452
1949.3	1482
1947.62	1470
1945.94	1473
1944.27	1489
1942.59	1480
1940.91	1521
1939.23	1515
1937.54	1499
1935.86	1521
1934.18	1498
1932.5	1515
1930.81	1496
1929.13	1500
1927.44	1503
1925.76	1527
1924.07	1536
1922.39	1548
1920.7	1504
1919.01	1552
1917.32	1550
1915.63	1510
1913.94	1520
1912.25	1512
1910.56	1512
1908.87	1529
1907.17	1527
1905.48	1574
1903.79	1556
1902.09	1558
1900.4	1583
1898.7	1536
1897.01	1577
1895.31	1592
1893.61	1609
1891.91	1582
1890.21	1584
1888.51	1623
1886.81	1624
1885.11	1619
1883.41	1607
1881.71	1628
1880.01	1618
1878.3	1654
1876.6	1628
1874.9	1658
1873.19	1658
1871.48	1721
1869.78	1699
1868.07	1674
1866.36	1669
1864.65	1737
1862.95	1705
1861.24	1696
1859.53	1723
1857.81	1743
1856.1	1765
1854.39	1755
1852.68	1780
1850.96	1786
1849.25	1746
1847.54	1815
1845.82	1808
1844.1	1800
1842.39	1801
1840.67	1801
1838.95	1852
1837.23	1852
1835.51	1848
1833.79	1873
1832.07	1893
1830.35	1916
1828.63	1916
1826.91	1934
1825.18	1935
1823.46	1893
1821.74	1938
1820.01	1978
1818.29	1929
1816.56	2016
1814.83	1995
1813.1	1979
1811.38	2025
1809.65	2031
1807.92	2010
1806.19	2106
1804.46	2042
1802.73	2077
1800.99	2088
1799.26	2121
1797.53	2049
1795.79	2133
1794.06	2157
1792.32	2168
1790.59	2169
1788.85	2199
1787.11	2207
1785.37	2213
1783.64	2260
1781.9	2257
1780.16	2280
1778.42	2310
1776.67	2317
1774.93	2306
1773.19	2249
1771.45	2344
1769.7	2361
1767.96	2427
1766.21	2393
1764.47	2435
1762.72	2454
1760.97	2459
1759.23	2488
1757.48	2525
1755.73	2532
1753.98	2541
1752.23	2592
1750.48	2590
1748.73	2667
1746.97	2728
1745.22	2679
1743.47	2702
1741.71	2761
1739.96	2766
1738.2	2780
1736.44	2826
1734.69	2839
1732.93	2825
1731.17	2911
1729.41	2926
1727.65	2957
1725.89	3042
1724.13	2977
1722.37	3006
1720.61	3091
1718.85	3151
1717.08	3171
1715.32	3169
1713.55	3173
1711.79	3214
1710.02	3262
1708.25	3308
1706.49	3345
1704.72	3373
1702.95	3405
1701.18	3449
1699.41	3478
1697.64	3531
1695.87	3585
1694.09	3569
1692.32	3617
1690.55	3621
1688.77	3700
1687	3785
1685.22	3719
1683.45	3803
1681.67	3921
1679.89	3882
1678.11	3901
1676.34	3974
1674.56	3986
1672.78	4065
1671	3999
1669.21	4057
1667.43	4127
1665.65	4167
1663.86	4233
1662.08	4256
1660.3	4283
1658.51	4346
1656.72	4368
1654.94	4339
1653.15	4382
1651.36	4404
1649.57	4405
1647.78	4440
1645.99	4478
1644.2	4463
1642.41	4488
1640.62	4425
1638.82	4490
1637.03	4515
1635.24	4540
1633.44	4544
1631.65	4529
1629.85	4507
1628.05	4542
1626.25	4488
1624.46	4488
1622.66	4499
1620.86	4464
1619.06	4419
1617.26	4452
1615.45	4432
1613.65	4416
1611.85	4436
1610.04	4394
1608.24	4374
1606.43	4322
1604.63	4390
1602.82	4332
1601.02	4395
1599.21	4381
1597.4	4367
1595.59	4313
1593.78	4346
1591.97	4278
1590.16	4255
1588.35	4246
1586.53	4233
1584.72	4223
1582.91	4205
1581.09	4188
1579.28	4179
1577.46	4115
1575.64	4124
1573.82	4135
1572.01	4148
1570.19	4166
1568.37	4114
1566.55	4082
1564.73	4072
1562.91	4054
1561.08	4101
1559.26	4031
1557.44	4095
1555.61	3986
1553.79	4035
1551.96	4037
1550.14	4078
1548.31	3956
1546.48	3967
1544.65	3952
1542.82	3979
1540.99	3977
1539.16	3980
1537.33	3950
1535.5	3916
1533.67	3892
1531.83	3883
1530	3858
1528.16	3845
1526.33	3894
1524.49	3854
1522.66	3844
1520.82	3803
1518.98	3883
1517.14	3805
1515.3	3787
1513.46	3852
1511.62	3806
1509.78	3772
1507.94	3823
1506.09	3734
1504.25	3782
1502.41	3783
1500.56	3714
1498.71	3716
1496.87	3765
1495.02	3685
1493.17	3784
1491.32	3793
1489.47	3730
1487.63	3781
1485.77	3769
1483.92	3776
1482.07	3741
1480.22	3729
1478.36	3805
1476.51	3769
1474.66	3812
1472.8	3779
1470.94	3807
1469.09	3819
1467.23	3847
1465.37	3800
1463.51	3870
1461.65	3808
1459.79	3784
1457.93	3802
1456.07	3798
1454.2	3803
1452.34	3828
1450.48	3768
1448.61	3819
1446.75	3793
1444.88	3808
1443.01	3774
1441.14	3736
1439.28	3736
1437.41	3769
1435.54	3744
1433.67	3681
1431.8	3738
1429.92	3730
1428.05	3743
1426.18	3680
1424.3	3743
1422.43	3677
1420.55	3723
1418.68	3664
1416.8	3720
1414.92	3722
1413.04	3695
1411.17	3614
1409.29	3682
1407.41	3664
1405.52	3613
1403.64	3668
1401.76	3613
1399.88	3601
1397.99	3612
1396.11	3619
1394.22	3620
1392.34	3673
1390.45	3631
1388.56	3670
1386.67	3602
1384.78	3638
1382.89	3633
1381	3606
1379.11	3607
1377.22	3635
1375.33	3625
1373.43	3617
1371.54	3619
1369.65	3670
1367.75	3648
1365.85	3655
1363.96	3643
1362.06	3678
1360.16	3725
1358.26	3680
1356.36	3724
1354.46	3738
1352.56	3725
1350.66	3713
1348.75	3680
1346.85	3746
1344.95	3755
1343.04	3721
1341.14	3739
1339.23	3720
1337.32	3737
1335.42	3750
1333.51	3815
1331.6	3782
1329.69	3768
1327.78	3847
1325.86	3797
1323.95	3836
1322.04	3813
1320.13	3886
1318.21	3882
1316.3	3883
1314.38	3942
1312.46	3895
1310.55	3913
1308.63	3917
1306.71	4030
1304.79	4019
1302.87	4058
1300.95	4005
1299.03	3977
1297.1	4027
1295.18	4104
1293.26	4137
1291.33	4119
1289.41	4131
1287.48	4170
1285.55	4212
1283.63	4207
1281.7	4216
1279.77	4326
1277.84	4299
1275.91	4306
1273.98	4338
1272.05	4300
1270.11	4325
1268.18	4330
1266.24	4331
1264.31	4405
1262.37	4390
1260.44	4331
1258.5	4315
1256.56	4346
1254.62	4285
1252.68	4277
1250.74	4236
1248.8	4260
1246.86	4223
1244.92	4207
1242.98	4191
1241.03	4204
1239.09	4130
1237.14	4106
1235.2	4024
1233.25	4022
1231.3	3964
1229.35	3935
1227.4	3867
1225.45	3828
1223.5	3751
1221.55	3728
1219.6	3684
1217.65	3660
1215.69	3650
1213.74	3556
1211.78	3502
1209.83	3486
1207.87	3454
1205.91	3441
1203.96	3382
1202	3347
1200.04	3311
1198.08	3283
1196.12	3301
1194.15	3233
1192.19	3224
1190.23	3208
1188.26	3218
1186.3	3215
1184.33	3153
1182.37	3172
1180.4	3136
1178.43	3163
1176.46	3112
1174.49	3151
1172.52	3058
1170.55	3080
1168.58	3070
1166.61	3108
1164.64	3070
1162.66	3103
1160.69	3056
1158.71	3109
1156.73	3070
1154.76	3125
1152.78	3082
1150.8	3078
1148.82	3107
1146.84	3125
1144.86	3075
1142.88	3143
1140.9	3137
1138.91	3142
1136.93	3135
1134.95	3170
1132.96	3180
1130.97	3119
1128.99	3105
1127	3156
1125.01	3129
1123.02	3166
1121.03	3134
1119.04	3105
1117.05	3088
1115.06	3083
1113.07	3101
1111.07	3085
1109.08	3063
1107.08	3100
1105.09	3094
1103.09	3059
1101.09	3073
1099.09	3112
1097.09	3072
1095.09	3041
1093.09	3096
1091.09	3007
1089.09	3062
1087.09	3084
1085.08	3051
1083.08	3024
1081.07	2994
1079.07	3059
1077.06	3030
1075.05	3040
1073.04	3006
1071.03	3001
1069.02	3032
1067.01	3017
1065	3016
1062.99	2969
1060.98	2983
1058.96	2940
1056.95	2977
1054.93	2990
1052.92	2955
1050.9	2964
1048.88	2940
1046.86	2883
1044.84	2911
1042.82	2952
1040.8	2848
1038.78	2830
1036.76	2834
1034.74	2852
1032.71	2834
1030.69	2762
1028.66	2801
1026.64	2767
1024.61	2792
1022.58	2711
1020.55	2725
1018.52	2737
1016.49	2710
1014.46	2748
1012.43	2708
1010.4	2697
1008.36	2727
1006.33	2661
1004.29	2654
1002.26	2652
1000.22	2663
998.184	2640
996.146	2663
994.108	2685
992.068	2698
990.028	2724
987.986	2708
985.944	2660
983.901	2693
981.858	2709
979.813	2730
977.768	2678
975.722	2742
973.675	2773
971.627	2705
969.579	2769
967.53	2717
965.48	2787
963.429	2759
961.377	2749
959.325	2811
957.273	2791
955.218	2786
953.163	2786
951.108	2787
949.051	2798
946.994	2794
944.936	2787
942.878	2769
940.818	2830
938.758	2813
936.697	2857
934.634	2866
932.572	2831
930.509	2883
928.444	2907
926.379	2875
924.313	2955
922.246	2928
920.179	2938
918.111	2938
916.041	2920
913.972	2992
911.901	3004
909.829	2931
907.757	2989
905.684	2960
903.61	2976
901.535	2924
899.46	2972
897.383	3023
895.306	3048
893.228	2922
891.149	3068
889.069	3004
886.989	3042
884.908	3070
882.826	3077
880.743	3036
878.659	3116
876.575	3139
874.49	3117
872.403	3113
870.317	3140
868.229	3230
866.141	3242
864.051	3263
861.961	3229
859.87	3268
857.779	3235
855.685	3313
853.592	3352
851.498	3315
849.403	3384
847.307	3354
845.211	3427
843.113	3384
841.015	3408
838.916	3406
836.816	3389
834.715	3442
832.613	3534
830.511	3442
828.408	3413
826.304	3509
824.199	3459
822.093	3463
819.987	3431
817.879	3555
815.771	3507
813.663	3542
811.553	3528
809.442	3532
807.331	3480
805.218	3540
803.105	3549
800.992	3538
798.877	3532
796.761	3556
794.645	3578
792.527	3557
790.41	3609
788.291	3618
786.171	3604
784.051	3619
781.929	3599
779.807	3647
777.684	3657
775.56	3654
773.436	3666
771.31	3740
769.184	3780
767.057	3769
764.929	3855
762.8	3835
760.67	3814
758.54	3844
756.409	3873
754.277	3958
752.143	3900
750.01	3901
747.875	3940
745.74	3925
743.603	3981
741.466	3996
739.328	3925
737.189	3998
735.049	3997
732.909	4071
730.768	4042
728.626	3981
726.483	4089
724.339	4049
722.194	4014
720.049	4083
717.903	4043
715.755	4023
713.607	4067
711.458	4075
709.308	4022
707.158	4040
705.007	4052
702.855	4020
700.701	4102
698.548	4057
696.393	3992
694.237	4056
692.081	4032
689.923	4015
687.765	4053
685.606	4042
683.446	4040
681.286	4008
679.124	4082
676.962	4079
674.798	4059
672.635	4110
670.469	4110
668.304	4065
666.137	4128
663.969	4152
661.801	4141
659.632	4127
657.462	4131
655.291	4130
653.119	4242
650.947	4221
648.773	4288
646.599	4302
644.424	4261
642.248	4359
640.071	4329
637.893	4338
635.714	4307
633.535	4417
631.354	4456
629.173	4403
626.992	4427
624.809	4472
622.625	4417
620.44	4514
618.255	4514
616.069	4562
613.882	4580
611.694	4523
609.505	4515
607.315	4547
605.124	4617
602.933	4562
600.741	4574
598.548	4572
596.354	4624
594.158	4655
591.963	4683
589.766	4731
587.569	4692
585.37	4688
583.171	4694
580.971	4660
578.769	4814
576.569	4736
574.365	4798
572.161	4761
569.957	4834
567.752	4791
565.545	4830
563.339	4801
561.13	4865
558.922	4843
556.712	4866
554.502	4881
552.291	4917
550.078	5017
547.865	5018
545.651	4977
543.436	5023
541.22	5035
539.004	5075
536.787	5147
534.568	5077
532.349	5124
530.128	5162
527.907	5246
525.686	5218
523.463	5251
521.239	5334
519.015	5349
516.789	5375
514.563	5439
512.335	5442
510.107	5385
507.879	5391
505.648	5388
503.418	5466
501.186	5443
498.954	5467
496.721	5436
494.486	5482
492.251	5517
490.015	5482
487.778	5464
485.541	5518
483.302	5535
481.063	5545
478.822	5527
476.581	5542
474.338	5521
472.096	5548
469.851	5575
467.607	5600
465.361	5625
463.114	5647
460.867	5698
458.618	5708
456.369	5686
454.119	5687
451.868	5780
449.616	5827
447.363	5830
445.11	5817
442.854	5870
440.599	5922
438.343	5886
436.085	5907
433.827	5973
431.568	5989
429.308	6037
427.047	6017
424.786	6068
422.522	6143
420.259	6149
417.994	6097
415.729	6085
413.463	6184
411.196	6186
408.927	6277
406.658	6285
404.389	6229
402.118	6288
399.846	6245
397.573	6257
395.3	6253
393.025	6169
390.75	6200
388.474	6311
386.196	6309
383.919	6239
381.64	6203
379.36	6254
377.08	6348
374.798	6317
372.515	6350
370.231	6404
367.947	6357
365.662	6330
363.376	6361
361.089	6335
358.801	6320
356.511	6405
354.222	6459
351.931	6413
349.639	6440
347.347	6356
345.053	6453
342.759	6500
340.463	6497
338.167	6522
335.871	6568
333.572	6691
331.273	6596
328.974	6623
326.673	6695
324.371	6786
322.068	6832
319.765	6964
317.46	6964
315.154	6984
312.849	7129
310.541	7178
308.233	7302
305.924	7404
303.614	7488
301.303	7601
298.992	7649
296.679	7803
294.365	8028
292.051	8056
289.734	8293
287.418	8507
285.101	8640
282.783	8806
280.463	8998
278.144	9203
275.822	9436
273.5	9570
271.178	9847
268.853	9955
266.529	10230
264.203	10568
261.876	10801
259.548	10998
257.22	11266
254.891	11637
252.561	11954
250.229	12103
247.897	12357
245.564	12727
243.23	13117
240.895	13313
238.559	13686
236.222	14183
233.884	14372
231.545	14811
229.206	15221
226.865	15623
224.524	16006
222.181	16492
219.838	16812
217.493	17435
215.148	17928
212.802	18423
210.455	18934
208.106	19520
205.758	19934
203.407	20448
201.056	21064
198.705	21757
196.351	22232
193.997	22657
191.643	23054
189.288	23780
186.931	24297
184.574	24694
182.214	25197
179.855	25613
177.495	26110
175.134	26379
172.771	26909
170.408	27141
168.044	27619
165.679	27949
163.312	28320
160.946	29031
158.578	29397
156.208	29536
153.838	29801
151.468	30034
149.097	30600
146.724	30919
144.349	31284
141.975	31601
139.599	32011
137.223	32232
134.846	32404
132.467	32976
130.088	33613
127.707	34128
125.326	34552
122.944	35210
120.56	36084
118.177	36687
115.791	37400
113.405	38280
111.018	39221
108.63	40072
106.241	41168
103.851	42512
101.46	43754
99.0686	45287
96.675	47104
94.2815	48658
91.8872	50802
89.4909	52949
87.0947	55424
84.6966	58096
82.2976	61053
79.8987	64411
77.4979	64524
75.0962	64524
72.6935	64524
70.29	64524
67.8855	64524
65.4801	64524
63.0739	64524
60.6667	64524
58.2586	64524
55.8495	64524
53.4386	64524
51.0278	64524
48.616	64524
46.2023	64524
43.7887	64524
41.3732	64524
38.9568	64524
36.5404	64524
34.1222	64524
31.703	64524
29.2829	64524
26.8618	64524
24.4399	64524
22.017	64524
19.5932	64524
17.1685	64524
14.7429	64524
12.3153	64524
9.88782	64524
7.4594	64524
5.02907	64524
2.5988	64524
0.166609	64524
-2.26552	64524
-4.69956	64524
-7.13454	64524
-9.57045	64524
-12.0063	64524
-14.4441	64524
-16.8828	64524
-19.3224	64524
-21.763	64524
-24.2045	64524
-26.6479	64524
-29.0913	64524
-31.5356	64524
-33.9808	64524
-36.428	64524
-38.8751	64524
-41.3241	64524
-43.7731	64524
-46.224	64524
-48.6749	64524
-51.1277	64524
-53.5814	64524
-56.0361	64524
-58.4907	64524
-60.9473	64524
-63.4048	64524
-65.8633	60068
-68.3227	52737
-70.783	46592
-73.2453	41200
-75.7075	36805
-78.1707	33136
-80.6348	29667
-83.1009	26648
-85.5669	24016
-88.0349	21665
-90.5028	19776
-92.9727	17588
-95.4425	16040
-97.9143	14604
-100.387	13289
-102.861	12118
-105.334	11116
-107.81	10192
-110.286	9404
-112.764	8483
-115.242	7883
-117.722	7032
-120.203	6500
-122.684	5974
-125.167	5386
-127.65	4980
-130.135	4516
-132.62	4160
-135.106	3803
-137.594	3545
-140.082	3348
-142.572	3002
-145.063	2756
-147.554	2432
-150.047	2249
-152.541	2076
-155.036	1857
-157.532	1738
-160.028	1676
-162.526	1569
-165.025	1474
-167.525	1383
-170.025	1315
-172.527	1220
-175.029	1191
-177.534	1105
-180.038	1038
-182.544	1000
-185.051	966
-187.559	918
-190.068	935
-192.577	905
-195.089	880
-197.6	865
-200.113	837
-202.628	824
-205.143	803
-207.659	776
-210.176	777
-212.694	775
-215.213	780
-217.734	780
-220.255	712
-222.777	739
-225.3	750
-227.824	714
-230.349	712
-232.876	678
-235.403	658
-237.932	635
-240.461	651
-242.992	632
-245.523	599
-248.056	603
-250.589	602
-253.124	602
-255.66	592
-258.197	576
-260.734	582
-263.273	585
-265.813	557
-268.354	552
-270.896	560
-273.439	541
-275.982	507
-278.527	511
-281.074	494
-283.621	514
-286.169	499
-288.718	480
-291.269	456
-293.82	443
-296.372	453
-298.925	450
-301.48	428
-304.035	456
-306.592	418
-309.15	417
-311.708	439
-314.268	418
-316.828	412
-319.39	401
-321.953	397
-324.517	378
-327.082	381
-329.648	380
-332.215	375
-334.783	383
-337.352	355
-339.922	377
-342.493	380
-345.066	350
-347.639	346
-350.213	360
-352.789	353
-355.365	326
-357.943	359
-360.521	317
-363.101	352
-365.681	337
-368.263	323
-370.847	328
-373.431	325
-376.015	310
-378.601	319
-381.188	306
-383.777	304
-386.366	305
-388.956	305
-391.548	318
-394.14	303
-396.733	302
-399.328	287
-401.923	281
-404.521	287
-407.118	284
-409.717	287
-412.317	260
-414.918	267
-417.52	264
-420.123	270
-422.727	274
-425.332	270
-427.939	236
-430.546	264
-433.155	265
-435.764	271
-438.374	263
-440.986	274
-443.599	258
-446.213	243
-448.828	254
-451.444	242
-454.061	247
-456.68	245
-459.299	242
-461.919	237
-464.54	259
-467.163	238
-469.786	235
-472.411	251
-475.037	227
-477.663	218
-480.292	225
-482.92	238
-485.551	222
-488.182	234
-490.814	235
-493.447	223
-496.082	235
-498.717	211
-501.354	237
-503.992	220
-506.63	224
-509.27	224
-511.911	216
-514.553	211
-517.197	240
-519.841	214
-522.486	202
-525.133	224
-527.78	234
-530.429	212
-533.078	229
-535.729	201
-538.381	206
-541.034	217
-543.688	212
-546.343	211
-548.999	193
-551.657	221
-554.316	221
-556.975	220
-559.636	206
-562.297	203
-564.961	203
-567.625	201
-570.29	224
-572.956	211
-575.623	208
-578.292	206
-580.961	189
-583.632	204
-586.303	200
-588.976	198
-591.65	221
-594.326	215
-597.002	218
-599.679	204
-602.358	225
-605.037	213
-607.718	216
-610.399	221
-613.082	214
-615.767	217
-618.452	231
-621.138	222
-623.825	211
-626.514	215
-629.203	215
-631.893	220
-634.586	225
-637.278	226
-639.973	214
-642.667	208
-645.364	234
-648.061	219
-650.76	209
-653.46	215
-656.16	212
-658.862	209
-661.566	238
-664.269	215
-666.974	232
-669.681	228
-672.389	207
-675.097	221
-677.807	218
-680.518	228
-683.23	226
-685.943	220
-688.658	221
-691.373	211
-694.089	226
-696.807	225
-699.526	210
-702.245	217
-704.966	232
-707.689	233
-710.412	233
-713.136	205
-715.863	227
-718.589	216
-721.317	213
-724.046	219
-726.776	209
-729.508	214
-732.24	212
-734.974	221
-737.709	222
-740.444	227
-743.182	207
-745.919	222
-748.659	213
-751.399	213
-754.141	222
-756.883	220
-759.627	221
-762.372	219
-765.119	245
-767.866	235
-770.615	220
-773.365	233
-776.115	234
-778.867	245
-781.62	220
-784.375	224
-787.13	253
-789.886	215
-792.644	227
-795.402	236
-798.162	216
-800.924	235
-803.686	230
-806.449	220
-809.215	230
-811.98	230
-814.747	244
-817.516	217
-820.284	192
-823.054	225
-825.827	217
-828.599	226
-831.373	211
-834.149	224
-836.924	197
-839.702	217
-842.48	201
-845.26	202
-848.042	216
-850.823	215
-853.606	199
-856.391	241
-859.177	219
-861.963	228
-864.751	214
-867.54	240
-870.331	233
-873.122	212
-875.915	232
-878.709	203
-881.504	238
-884.3	213
-887.097	212
-889.895	226
-892.695	222
-895.496	233
-898.298	211
-901.101	242
-903.905	229
-906.711	219
-909.518	237
-912.325	214
-915.134	217
-917.945	213
-920.756	220
-923.569	227
-926.383	235
-929.198	231
-932.013	217
-934.831	218
-937.649	228
-940.47	226
-943.29	210
-946.113	225
-948.936	239
-951.761	224
-954.586	231
-957.413	233
-960.242	217
-963.07	228
-965.901	256
-968.733	264
-971.565	239
-974.399	227
-977.235	238
-980.072	232
-982.908	242
-985.747	234
-988.588	234
-991.429	235
-994.271	234
-997.115	245
-999.96	239
-1002.81	255
-1005.65	264
-1008.5	257
-1011.35	261
-1014.2	234
-1017.05	246
-1019.91	246
-1022.76	269
-1025.62	243
-1028.47	257
-1031.33	253
-1034.19	263
-1037.05	267
-1039.91	266
-1042.78	251
-1045.64	241
-1048.51	252
-1051.37	282
-1054.24	261
-1057.11	276
-1059.98	251
-1062.85	268
-1065.72	261
-1068.6	265
-1071.47	294
-1074.35	262
-1077.23	274
-1080.11	283
-1082.99	291
-1085.87	299
-1088.75	293
-1091.63	295
-1094.52	284
-1097.4	284
-1100.29	290
-1103.18	299
-1106.07	280
-1108.96	314
-1111.85	278
-1114.75	309
-1117.64	320
-1120.54	328
-1123.43	321
-1126.33	333
-1129.23	325
-1132.13	330
-1135.03	342
-1137.94	315
-1140.84	339
-1143.75	341
-1146.65	329
-1149.56	353
-1152.47	382
-1155.38	368
-1158.3	379
-1161.21	421
-1164.12	433
-1167.04	435
-1169.96	460
-1172.87	456
-1175.79	521
-1178.71	561
-1181.64	618
-1184.56	714
-1187.48	856
-1190.41	945
-1193.33	1045
-1196.26	1159
-1199.19	1271
-1202.12	1438
-1205.06	1681
-1207.99	1959
-1210.92	2114
-1213.86	2314
-1216.8	2427
-1219.73	2605
-1222.67	2774
-1225.61	3019
-1228.55	3257
-1231.5	3604
-1234.44	4069
-1237.39	4505
-1240.33	5126
-1243.28	6133
-1246.23	8466
-1249.18	10419
-1252.14	11789
-1255.09	13899
-1258.04	14655
-1261	14579
-1263.96	14150
-1266.91	13591
-1269.87	11946
-1272.83	10496
-1275.8	8976
-1278.76	7179
-1281.72	5316
-1284.69	3335
-1287.66	1948
-1290.62	1344
-1293.59	1080
-1296.57	970
-1299.54	794
-1302.51	716
-1305.49	654
-1308.46	620
-1311.44	595
-1314.42	577
-1317.4	592
-1320.38	593
-1323.36	560
-1326.34	558
-1329.33	533
-1332.32	544
-1335.3	545
-1338.29	522
-1341.28	499
-1344.27	513
-1347.27	540
-1350.26	519
-1353.26	511
-1356.25	500
-1359.25	499
-1362.25	466
-1365.25	434
-1368.25	440
-1371.25	432
-1374.26	406
-1377.26	379
-1380.27	371
-1383.28	332
-1386.29	322
-1389.3	305
-1392.31	282
