2745.96	361
2744.58	374
2743.19	339
2741.81	342
2740.42	343
2739.03	347
2737.64	343
2736.25	358
2734.86	361
2733.47	340
2732.08	358
2730.69	352
2729.3	363
2727.91	365
2726.51	374
2725.12	357
2723.73	374
2722.33	370
2720.94	367
2719.54	373
2718.15	357
2716.75	365
2715.35	347
2713.96	338
2712.56	353
2711.16	363
2709.76	377
2708.36	344
2706.96	361
2705.56	361
2704.16	370
2702.76	375
2701.36	356
2699.96	381
2698.56	387
2697.15	383
2695.75	406
2694.34	374
2692.94	383
2691.53	380
2690.13	382
2688.72	387
2687.31	391
2685.91	394
2684.5	410
2683.09	399
2681.68	396
2680.27	372
2678.86	375
2677.45	389
2676.04	398
2674.63	368
2673.22	418
2671.81	374
2670.39	401
2668.98	395
2667.57	376
2666.15	407
2664.74	379
2663.32	397
2661.91	396
2660.49	398
2659.07	400
2657.65	404
2656.24	395
2654.82	412
2653.4	429
2651.98	392
2650.56	406
2649.14	418
2647.72	388
2646.3	401
2644.87	410
2643.45	419
2642.03	399
2640.61	392
2639.18	433
2637.76	421
2636.33	434
2634.91	418
2633.48	444
2632.05	425
2630.62	403
2629.2	433
2627.77	437
2626.34	436
2624.91	453
2623.48	428
2622.05	441
2620.62	431
2619.19	458
2617.76	431
2616.32	448
2614.89	451
2613.46	440
2612.02	439
2610.59	442
2609.15	434
2607.72	446
2606.28	442
2604.85	466
2603.41	419
2601.97	437
2600.53	435
2599.09	441
2597.65	465
2596.22	456
2594.78	447
2593.33	452
2591.89	477
2590.45	461
2589.01	466
2587.57	490
2586.12	450
2584.68	475
2583.23	449
2581.79	459
2580.34	467
2578.9	477
2577.45	498
2576	469
2574.56	472
2573.11	488
2571.66	477
2570.21	479
2568.76	501
2567.31	478
2565.86	504
2564.41	487
2562.96	462
2561.51	501
2560.05	485
2558.6	486
2557.15	494
2555.69	487
2554.24	487
2552.78	517
2551.32	511
2549.87	509
2548.41	504
2546.95	520
2545.5	545
2544.04	518
2542.58	517
2541.12	526
2539.66	520
2538.2	543
2536.74	529
2535.27	527
2533.81	535
2532.35	522
2530.89	512
2529.42	529
2527.96	534
2526.49	552
2525.03	551
2523.56	558
2522.09	549
2520.63	511
2519.16	540
2517.69	566
2516.22	517
2514.75	575
2513.28	556
2511.81	538
2510.34	533
2508.87	559
2507.4	578
2505.93	542
2504.45	563
2502.98	579
2501.51	572
2500.03	555
2498.56	575
2497.08	554
2495.6	556
2494.13	588
2492.65	590
2491.17	572
2489.69	573
2488.22	592
2486.74	542
2485.26	567
2483.78	590
2482.29	579
2480.81	586
2479.33	603
2477.85	602
2476.36	583
2474.88	596
2473.4	591
2471.91	600
2470.43	629
2468.94	618
2467.45	612
2465.97	576
2464.48	582
2462.99	611
2461.5	631
2460.01	588
2458.52	632
2457.03	629
2455.54	610
2454.05	634
2452.56	626
2451.07	594
2449.57	637
2448.08	621
2446.59	617
2445.09	633
2443.6	665
2442.1	651
2440.6	637
2439.11	643
2437.61	629
2436.11	621
2434.61	648
2433.12	669
2431.62	652
2430.12	655
2428.62	631
2427.11	630
2425.61	647
2424.11	654
2422.61	674
2421.1	666
2419.6	667
2418.1	696
2416.59	671
2415.09	667
2413.58	703
2412.07	676
2410.57	660
2409.06	686
2407.55	696
2406.04	694
2404.53	682
2403.02	708
2401.51	715
2400	688
2398.49	677
2396.98	719
2395.46	730
2393.95	718
2392.44	712
2390.92	705
2389.41	700
2387.89	721
2386.38	693
2384.86	682
2383.34	717
2381.82	748
2380.31	739
2378.79	707
2377.27	751
2375.75	729
2374.23	752
2372.71	730
2371.19	736
2369.66	752
2368.14	749
2366.62	742
2365.09	753
2363.57	724
2362.04	746
2360.52	763
2358.99	775
2357.47	763
2355.94	746
2354.41	745
2352.88	764
2351.35	758
2349.83	768
2348.3	765
2346.77	757
2345.23	754
2343.7	763
2342.17	790
2340.64	779
2339.1	797
2337.57	797
2336.04	784
2334.5	775
2332.97	818
2331.43	817
2329.89	833
2328.36	784
2326.82	810
2325.28	831
2323.74	845
2322.2	825
2320.66	834
2319.12	827
2317.58	816
2316.04	841
2314.5	829
2312.95	831
2311.41	838
2309.87	862
2308.32	839
2306.78	841
2305.23	834
2303.68	819
2302.14	879
2300.59	870
2299.04	867
2297.49	881
2295.94	890
2294.39	894
2292.84	851
2291.29	870
2289.74	861
2288.19	875
2286.64	873
2285.09	894
2283.53	897
2281.98	887
2280.42	862
2278.87	891
2277.31	911
2275.76	883
2274.2	908
2272.64	927
2271.08	924
2269.52	928
2267.96	926
2266.4	928
2264.84	916
2263.28	926
2261.72	932
2260.16	913
2258.6	946
2257.03	952
2255.47	971
2253.9	960
2252.34	955
2250.77	999
2249.21	954
2247.64	978
2246.07	964
2244.51	990
2242.94	976
2241.37	993
2239.8	971
2238.23	1012
2236.66	975
2235.09	1024
2233.51	1017
2231.94	996
2230.37	1016
2228.79	988
2227.22	1048
2225.65	1045
2224.07	1028
2222.49	1032
2220.92	1022
2219.34	1058
2217.76	1035
2216.18	1060
2214.61	1046
2213.03	1053
2211.45	1067
2209.86	1076
2208.28	1110
2206.7	1077
2205.12	1105
2203.54	1116
2201.95	1090
2200.37	1107
2198.78	1085
2197.2	1059
2195.61	1084
2194.03	1125
2192.44	1116
2190.85	1169
2189.26	1136
2187.67	1100
2186.09	1091
2184.5	1122
2182.9	1159
2181.31	1154
2179.72	1144
2178.13	1154
2176.54	1135
2174.94	1174
2173.35	1167
2171.75	1190
2170.16	1189
2168.56	1190
2166.97	1191
2165.37	1246
2163.77	1181
2162.17	1221
2160.58	1199
2158.98	1188
2157.38	1215
2155.78	1209
2154.17	1229
2152.57	1192
2150.97	1210
2149.37	1242
2147.76	1247
2146.16	1261
2144.56	1230
2142.95	1237
2141.34	1253
2139.74	1254
2138.13	1297
2136.52	1229
2134.91	1279
2133.31	1253
2131.7	1273
2130.09	1267
2128.48	1243
2126.86	1302
2125.25	1305
2123.64	1281
2122.03	1270
2120.41	1298
2118.8	1253
2117.18	1275
2115.57	1295
2113.95	1287
2112.34	1283
2110.72	1303
2109.1	1284
2107.48	1314
2105.86	1308
2104.25	1332
2102.63	1312
2101	1320
2099.38	1285
2097.76	1308
2096.14	1324
2094.52	1332
2092.89	1358
2091.27	1331
2089.64	1322
2088.02	1366
2086.39	1372
2084.76	1315
2083.14	1328
2081.51	1389
2079.88	1329
2078.25	1330
2076.62	1332
2074.99	1384
2073.36	1391
2071.73	1361
2070.1	1371
2068.46	1352
2066.83	1330
2065.2	1384
2063.56	1389
2061.93	1360
2060.29	1356
2058.65	1361
2057.02	1386
2055.38	1391
2053.74	1382
2052.1	1400
2050.46	1423
2048.82	1373
2047.18	1378
2045.54	1381
2043.9	1334
2042.26	1410
2040.61	1373
2038.97	1377
2037.33	1389
2035.68	1377
2034.04	1355
2032.39	1387
2030.74	1367
2029.1	1391
2027.45	1389
2025.8	1394
2024.15	1368
2022.5	1376
2020.85	1374
2019.2	1363
2017.55	1403
2015.89	1366
2014.24	1412
2012.59	1395
2010.93	1390
2009.28	1362
2007.62	1375
2005.97	1360
2004.31	1436
2002.65	1391
2001	1395
1999.34	1416
1997.68	1382
1996.02	1450
1994.36	1390
1992.7	1392
1991.04	1402
1989.38	1401
1987.71	1427
1986.05	1433
1984.39	1404
1982.72	1431
1981.06	1415
1979.39	1436
1977.72	1419
1976.06	1404
1974.39	1408
1972.72	1466
1971.05	1444
1969.38	1438
1967.71	1442
1966.04	1444
1964.37	1455
1962.7	1492
1961.03	1465
1959.35	1465
1957.68	1454
1956	1462
1954.33	1456
1952.65	1471
1950.98	1439
1949.3	1471
1947.62	1453
1945.94	1452
1944.27	1470
1942.59	1480
1940.91	1460
1939.23	1507
1937.54	1496
1935.86	1461
1934.18	1488
1932.5	1518
1930.81	1476
1929.13	1472
1927.44	1529
1925.76	1494
1924.07	1429
1922.39	1514
1920.7	1518
1919.01	1499
1917.32	1489
1915.63	1477
1913.94	1529
1912.25	1487
1910.56	1518
1908.87	1579
1907.17	1529
1905.48	1533
1903.79	1560
1902.09	1529
1900.4	1540
1898.7	1521
1897.01	1559
1895.31	1602
1893.61	1585
1891.91	1564
1890.21	1567
1888.51	1562
1886.81	1597
1885.11	1631
1883.41	1632
1881.71	1610
1880.01	1655
1878.3	1603
1876.6	1630
1874.9	1670
1873.19	1659
1871.48	1670
1869.78	1670
1868.07	1671
1866.36	1671
1864.65	1716
1862.95	1689
1861.24	1717
1859.53	1718
1857.81	1710
1856.1	1716
1854.39	1791
1852.68	1737
1850.96	1795
1849.25	1765
1847.54	1744
1845.82	1786
1844.1	1807
1842.39	1820
1840.67	1823
1838.95	1812
1837.23	1837
1835.51	1868
1833.79	1856
1832.07	1828
1830.35	1868
1828.63	1885
1826.91	1914
1825.18	1918
1823.46	1906
1821.74	1942
1820.01	1919
1818.29	1961
1816.56	1961
1814.83	2007
1813.1	2007
1811.38	1990
1809.65	1993
1807.92	2061
1806.19	2046
1804.46	2080
1802.73	2097
1800.99	2055
1799.26	2101
1797.53	2123
1795.79	2148
1794.06	2165
1792.32	2144
1790.59	2145
1788.85	2166
1787.11	2198
1785.37	2211
1783.64	2236
1781.9	2221
1780.16	2263
1778.42	2255
1776.67	2252
1774.93	2314
1773.19	2315
1771.45	2314
1769.7	2358
1767.96	2360
1766.21	2381
1764.47	2364
1762.72	2389
1760.97	2409
1759.23	2502
1757.48	2499
1755.73	2516
1753.98	2511
1752.23	2565
1750.48	2587
1748.73	2594
1746.97	2598
1745.22	2666
1743.47	2703
1741.71	2680
1739.96	2731
1738.2	2765
1736.44	2841
1734.69	2820
1732.93	2862
1731.17	2864
1729.41	2907
1727.65	2911
1725.89	3006
1724.13	2981
1722.37	3024
1720.61	3094
1718.85	3122
1717.08	3105
1715.32	3109
1713.55	3158
1711.79	3219
1710.02	3241
1708.25	3283
1706.49	3341
1704.72	3373
1702.95	3358
1701.18	3489
1699.41	3470
1697.64	3517
1695.87	3511
1694.09	3591
1692.32	3573
1690.55	3643
1688.77	3685
1687	3798
1685.22	3754
1683.45	3771
1681.67	3880
1679.89	3895
1678.11	3869
1676.34	3935
1674.56	3932
1672.78	3982
1671	4056
1669.21	4081
1667.43	4086
1665.65	4156
1663.86	4189
1662.08	4172
1660.3	4175
1658.51	4215
1656.72	4278
1654.94	4385
1653.15	4288
1651.36	4320
1649.57	4366
1647.78	4351
1645.99	4429
1644.2	4354
1642.41	4446
1640.62	4437
1638.82	4458
1637.03	4403
1635.24	4527
1633.44	4503
1631.65	4435
1629.85	4421
1628.05	4492
1626.25	4520
1624.46	4424
1622.66	4494
1620.86	4395
1619.06	4410
1617.26	4398
1615.45	4370
1613.65	4403
1611.85	4350
1610.04	4331
1608.24	4351
1606.43	4397
1604.63	4344
1602.82	4285
1601.02	4292
1599.21	4332
1597.4	4349
1595.59	4310
1593.78	4261
1591.97	4224
1590.16	4162
1588.35	4187
1586.53	4179
1584.72	4217
1582.91	4182
1581.09	4143
1579.28	4138
1577.46	4176
1575.64	4077
1573.82	4089
1572.01	4124
1570.19	4113
1568.37	4080
1566.55	4103
1564.73	4071
1562.91	4058
1561.08	4085
1559.26	4072
1557.44	3996
1555.61	3970
1553.79	4001
1551.96	3929
1550.14	3968
1548.31	3926
1546.48	3971
1544.65	3931
1542.82	3965
1540.99	3960
1539.16	3919
1537.33	3894
1535.5	3910
1533.67	3843
1531.83	3896
1530	3840
1528.16	3821
1526.33	3811
1524.49	3866
1522.66	3798
1520.82	3774
1518.98	3811
1517.14	3726
1515.3	3795
1513.46	3733
1511.62	3769
1509.78	3786
1507.94	3751
1506.09	3766
1504.25	3719
1502.41	3711
1500.56	3747
1498.71	3752
1496.87	3695
1495.02	3726
1493.17	3676
1491.32	3734
1489.47	3734
1487.63	3738
1485.77	3743
1483.92	3746
1482.07	3675
1480.22	3789
1478.36	3749
1476.51	3768
1474.66	3737
1472.8	3774
1470.94	3687
1469.09	3869
1467.23	3774
1465.37	3783
1463.51	3797
1461.65	3808
1459.79	3793
1457.93	3779
1456.07	3776
1454.2	3829
1452.34	3772
1450.48	3685
1448.61	3756
1446.75	3794
1444.88	3741
1443.01	3732
1441.14	3733
1439.28	3694
1437.41	3659
1435.54	3683
1433.67	3720
1431.8	3667
1429.92	3643
1428.05	3660
1426.18	3632
1424.3	3636
1422.43	3712
1420.55	3690
1418.68	3638
1416.8	3614
1414.92	3632
1413.04	3604
1411.17	3563
1409.29	3521
1407.41	3573
1405.52	3582
1403.64	3532
1401.76	3664
1399.88	3595
1397.99	3643
1396.11	3547
1394.22	3562
1392.34	3610
1390.45	3584
1388.56	3540
1386.67	3556
1384.78	3579
1382.89	3567
1381	3540
1379.11	3614
1377.22	3602
1375.33	3582
1373.43	3578
1371.54	3538
1369.65	3577
1367.75	3601
1365.85	3577
1363.96	3625
1362.06	3633
1360.16	3625
1358.26	3645
1356.36	3615
1354.46	3715
1352.56	3669
1350.66	3701
1348.75	3723
1346.85	3666
1344.95	3686
1343.04	3679
1341.14	3627
1339.23	3696
1337.32	3837
1335.42	3677
1333.51	3738
1331.6	3716
1329.69	3672
1327.78	3787
1325.86	3755
1323.95	3771
1322.04	3792
1320.13	3776
1318.21	3848
1316.3	3840
1314.38	3846
1312.46	3810
1310.55	3828
1308.63	3874
1306.71	3892
1304.79	3923
1302.87	3947
1300.95	3992
1299.03	3993
1297.1	3998
1295.18	4090
1293.26	4034
1291.33	4130
1289.41	4117
1287.48	4113
1285.55	4133
1283.63	4175
1281.7	4191
1279.77	4215
1277.84	4211
1275.91	4239
1273.98	4224
1272.05	4318
1270.11	4246
1268.18	4320
1266.24	4260
1264.31	4318
1262.37	4251
1260.44	4289
1258.5	4296
1256.56	4222
1254.62	4205
1252.68	4254
1250.74	4247
1248.8	4244
1246.86	4195
1244.92	4171
1242.98	4131
1241.03	4074
1239.09	4082
1237.14	4074
1235.2	4016
1233.25	3944
1231.3	3903
1229.35	3865
1227.4	3793
1225.45	3720
1223.5	3750
1221.55	3692
1219.6	3671
1217.65	3609
1215.69	3594
1213.74	3497
1211.78	3492
1209.83	3430
1207.87	3413
1205.91	3381
1203.96	3345
1202	3344
1200.04	3287
1198.08	3273
1196.12	3221
1194.15	3225
1192.19	3230
1190.23	3242
1188.26	3149
1186.3	3165
1184.33	3129
1182.37	3131
1180.4	3127
1178.43	3077
1176.46	3099
1174.49	3079
1172.52	3026
1170.55	3066
1168.58	3033
1166.61	3064
1164.64	3028
1162.66	2981
1160.69	3043
1158.71	2997
1156.73	3062
1154.76	3016
1152.78	3053
1150.8	3038
1148.82	3043
1146.84	3055
1144.86	2996
1142.88	3071
1140.9	3051
1138.91	3034
1136.93	3078
1134.95	3060
1132.96	3016
1130.97	3036
1128.99	3031
1127	3017
1125.01	3034
1123.02	3042
1121.03	3026
1119.04	3056
1117.05	3051
1115.06	2993
1113.07	3043
1111.07	3031
1109.08	3020
1107.08	3036
1105.09	3027
1103.09	2986
1101.09	2978
1099.09	3024
1097.09	2984
1095.09	2974
1093.09	2973
1091.09	3007
1089.09	2962
1087.09	2922
1085.08	2955
1083.08	2957
1081.07	2922
1079.07	2929
1077.06	2939
1075.05	2966
1073.04	2921
1071.03	2851
1069.02	2943
1067.01	2876
1065	2885
1062.99	2931
1060.98	2872
1058.96	2850
1056.95	2910
1054.93	2855
1052.92	2874
1050.9	2904
1048.88	2885
1046.86	2843
1044.84	2840
1042.82	2835
1040.8	2816
1038.78	2815
1036.76	2724
1034.74	2750
1032.71	2798
1030.69	2720
1028.66	2740
1026.64	2700
1024.61	2745
1022.58	2685
1020.55	2722
1018.52	2708
1016.49	2632
1014.46	2659
1012.43	2617
1010.4	2715
1008.36	2648
1006.33	2646
1004.29	2622
1002.26	2681
1000.22	2612
998.184	2658
996.146	2655
994.108	2635
992.068	2643
990.028	2678
987.986	2613
985.944	2652
983.901	2658
981.858	2690
979.813	2681
977.768	2729
975.722	2710
973.675	2717
971.627	2741
969.579	2785
967.53	2761
965.48	2719
963.429	2759
961.377	2763
959.325	2781
957.273	2749
955.218	2750
953.163	2732
951.108	2774
949.051	2763
946.994	2761
944.936	2773
942.878	2750
940.818	2759
938.758	2772
936.697	2807
934.634	2817
932.572	2803
930.509	2800
928.444	2864
926.379	2780
924.313	2807
922.246	2880
920.179	2870
918.111	2846
916.041	2862
913.972	2898
911.901	2890
909.829	2909
907.757	2921
905.684	2895
903.61	2905
901.535	2917
899.46	2923
897.383	2957
895.306	2930
893.228	2901
891.149	2989
889.069	2970
886.989	2995
884.908	2983
882.826	3041
880.743	3055
878.659	3023
876.575	3048
874.49	3098
872.403	3109
870.317	3106
868.229	3136
866.141	3120
864.051	3159
861.961	3195
859.87	3181
857.779	3224
855.685	3224
853.592	3268
851.498	3276
849.403	3315
847.307	3338
845.211	3304
843.113	3348
841.015	3386
838.916	3366
836.816	3347
834.715	3360
832.613	3372
830.511	3413
828.408	3441
826.304	3458
824.199	3454
822.093	3430
819.987	3545
817.879	3377
815.771	3479
813.663	3481
811.553	3515
809.442	3475
807.331	3509
805.218	3556
803.105	3495
800.992	3566
798.877	3560
796.761	3531
794.645	3568
792.527	3578
790.41	3535
788.291	3570
786.171	3582
784.051	3606
781.929	3657
779.807	3630
777.684	3599
775.56	3695
773.436	3647
771.31	3671
769.184	3721
767.057	3744
764.929	3758
762.8	3788
760.67	3820
758.54	3835
756.409	3880
754.277	3807
752.143	3880
750.01	3888
747.875	3906
745.74	3902
743.603	3892
741.466	3958
739.328	3968
737.189	3933
735.049	3971
732.909	3952
730.768	3997
728.626	3958
726.483	4025
724.339	4044
722.194	4026
720.049	3983
717.903	4053
715.755	4041
713.607	4072
711.458	4053
709.308	3976
707.158	4035
705.007	4063
702.855	4004
700.701	4037
698.548	4034
696.393	4012
694.237	4024
692.081	3998
689.923	4005
687.765	3993
685.606	4008
683.446	4012
681.286	4041
679.124	3981
676.962	4045
674.798	4048
672.635	4106
670.469	4077
668.304	4079
666.137	4067
663.969	4100
661.801	4093
659.632	4143
657.462	4106
655.291	4204
653.119	4186
650.947	4217
648.773	4216
646.599	4277
644.424	4264
642.248	4285
640.071	4245
637.893	4318
635.714	4341
633.535	4384
631.354	4445
629.173	4389
626.992	4373
624.809	4443
622.625	4384
620.44	4483
618.255	4489
616.069	4497
613.882	4518
611.694	4512
609.505	4514
607.315	4565
605.124	4557
602.933	4575
600.741	4540
598.548	4515
596.354	4537
594.158	4593
591.963	4564
589.766	4602
587.569	4556
585.37	4557
583.171	4615
580.971	4660
578.769	4649
576.569	4686
574.365	4709
572.161	4758
569.957	4770
567.752	4725
565.545	4733
563.339	4757
561.13	4747
558.922	4747
556.712	4781
554.502	4809
552.291	4773
550.078	4830
547.865	4874
545.651	4889
543.436	4951
541.22	4903
539.004	4941
536.787	5065
534.568	5061
532.349	5116
530.128	5080
527.907	5149
525.686	5113
523.463	5167
521.239	5216
519.015	5272
516.789	5247
514.563	5251
512.335	5286
510.107	5302
507.879	5340
505.648	5362
503.418	5370
501.186	5419
498.954	5307
496.721	5304
494.486	5409
492.251	5417
490.015	5408
487.778	5398
485.541	5410
483.302	5429
481.063	5413
478.822	5432
476.581	5453
474.338	5483
472.096	5525
469.851	5533
467.607	5572
465.361	5575
463.114	5522
460.867	5629
458.618	5543
456.369	5680
454.119	5752
451.868	5739
449.616	5757
447.363	5786
445.11	5694
442.854	5742
440.599	5812
438.343	5795
436.085	5851
433.827	5861
431.568	5879
429.308	5986
427.047	6056
424.786	5982
422.522	6069
420.259	6040
417.994	6023
415.729	6062
413.463	6083
411.196	6145
408.927	6156
406.658	6102
404.389	6117
402.118	6092
399.846	6181
397.573	6138
395.3	6137
393.025	6143
390.75	6162
388.474	6185
386.196	6125
383.919	6173
381.64	6124
379.36	6153
377.08	6129
374.798	6209
372.515	6223
370.231	6172
367.947	6153
365.662	6215
363.376	6231
361.089	6234
358.801	6226
356.511	6285
354.222	6288
351.931	6368
349.639	6331
347.347	6375
345.053	6477
342.759	6342
340.463	6444
338.167	6460
335.871	6454
333.572	6531
331.273	6513
328.974	6608
326.673	6668
324.371	6681
322.068	6694
319.765	6801
317.46	6856
315.154	7020
312.849	7063
310.541	7159
308.233	7205
305.924	7354
303.614	7350
301.303	7478
298.992	7710
296.679	7703
294.365	7821
292.051	8077
289.734	8191
287.418	8349
285.101	8528
282.783	8631
280.463	8813
278.144	9030
275.822	9219
273.5	9412
271.178	9626
268.853	9893
266.529	10089
264.203	10418
261.876	10506
259.548	10919
257.22	11129
254.891	11393
252.561	11593
250.229	11943
247.897	12092
245.564	12533
243.23	12863
240.895	13271
238.559	13548
236.222	14000
233.884	14205
231.545	14572
229.206	14972
226.865	15414
224.524	15900
222.181	16253
219.838	16600
217.493	17238
215.148	17533
212.802	18224
210.455	18667
208.106	19166
205.758	19647
203.407	20235
201.056	20746
198.705	21234
196.351	21645
193.997	22344
191.643	22872
189.288	23215
186.931	23801
184.574	24407
182.214	24978
179.855	25496
177.495	25744
175.134	26183
172.771	26644
170.408	27041
168.044	27506
165.679	27830
163.312	28288
160.946	28620
158.578	28965
156.208	29331
153.838	29863
151.468	30240
149.097	30388
146.724	30689
144.349	30890
141.975	31526
139.599	31730
137.223	31910
134.846	32329
132.467	32915
130.088	33369
127.707	33893
125.326	34363
122.944	35069
120.56	35916
118.177	36573
115.791	37305
113.405	37942
111.018	38901
108.63	40038
106.241	40867
103.851	42055
101.46	43511
99.0686	44661
96.675	46407
94.2815	48490
91.8872	50410
89.4909	52902
87.0947	55103
84.6966	57764
82.2976	60795
79.8987	64037
77.4979	64524
75.0962	64524
72.6935	64524
70.29	64524
67.8855	64524
65.4801	64524
63.0739	64524
60.6667	64524
58.2586	64524
55.8495	64524
53.4386	64524
51.0278	64524
48.616	64524
46.2023	64524
43.7887	64524
41.3732	64524
38.9568	64524
36.5404	64524
34.1222	64524
31.703	64524
29.2829	64524
26.8618	64524
24.4399	64524
22.017	64524
19.5932	64524
17.1685	64524
14.7429	64524
12.3153	64524
9.88782	64524
7.4594	64524
5.02907	64524
2.5988	64524
0.166609	64524
-2.26552	64524
-4.69956	64524
-7.13454	64524
-9.57045	64524
-12.0063	64524
-14.4441	64524
-16.8828	64524
-19.3224	64524
-21.763	64524
-24.2045	64524
-26.6479	64524
-29.0913	64524
-31.5356	64524
-33.9808	64524
-36.428	64524
-38.8751	64524
-41.3241	64524
-43.7731	64524
-46.224	64524
-48.6749	64524
-51.1277	64524
-53.5814	64524
-56.0361	64524
-58.4907	64524
-60.9473	64524
-63.4048	64524
-65.8633	60242
-68.3227	52922
-70.783	46755
-73.2453	41472
-75.7075	36884
-78.1707	33133
-80.6348	29671
-83.1009	26540
-85.5669	23906
-88.0349	21676
-90.5028	19589
-92.9727	17660
-95.4425	16044
-97.9143	14519
-100.387	13212
-102.861	11971
-105.334	10976
-107.81	10070
-110.286	9212
-112.764	8566
-115.242	7904
-117.722	7248
-120.203	6643
-122.684	6002
-125.167	5395
-127.65	4918
-130.135	4530
-132.62	4198
-135.106	3907
-137.594	3592
-140.082	3275
-142.572	3047
-145.063	2793
-147.554	2506
-150.047	2280
-152.541	2078
-155.036	1872
-157.532	1799
-160.028	1691
-162.526	1546
-165.025	1475
-167.525	1386
-170.025	1318
-172.527	1280
-175.029	1185
-177.534	1138
-180.038	1091
-182.544	989
-185.051	992
-187.559	889
-190.068	909
-192.577	882
-195.089	881
-197.6	856
-200.113	869
-202.628	853
-205.143	787
-207.659	775
-210.176	790
-212.694	763
-215.213	729
-217.734	754
-220.255	732
-222.777	717
-225.3	708
-227.824	699
-230.349	703
-232.876	676
-235.403	667
-237.932	672
-240.461	626
-242.992	626
-245.523	596
-248.056	586
-250.589	600
-253.124	573
-255.66	559
-258.197	572
-260.734	567
-263.273	574
-265.813	567
-268.354	556
-270.896	550
-273.439	540
-275.982	511
-278.527	512
-281.074	502
-283.621	519
-286.169	486
-288.718	492
-291.269	476
-293.82	463
-296.372	434
-298.925	453
-301.48	428
-304.035	416
-306.592	426
-309.15	409
-311.708	429
-314.268	436
-316.828	414
-319.39	389
-321.953	391
-324.517	371
-327.082	376
-329.648	375
-332.215	403
-334.783	366
-337.352	386
-339.922	388
-342.493	350
-345.066	334
-347.639	343
-350.213	353
-352.789	354
-355.365	337
-357.943	327
-360.521	338
-363.101	319
-365.681	317
-368.263	325
-370.847	306
-373.431	311
-376.015	316
-378.601	323
-381.188	325
-383.777	305
-386.366	308
-388.956	304
-391.548	310
-394.14	301
-396.733	283
-399.328	292
-401.923	272
-404.521	283
-407.118	279
-409.717	276
-412.317	286
-414.918	290
-417.52	260
-420.123	262
-422.727	282
-425.332	267
-427.939	261
-430.546	270
-433.155	265
-435.764	257
-438.374	290
-440.986	261
-443.599	247
-446.213	249
-448.828	247
-451.444	237
-454.061	239
-456.68	242
-459.299	253
-461.919	244
-464.54	239
-467.163	220
-469.786	225
-472.411	233
-475.037	232
-477.663	228
-480.292	236
-482.92	227
-485.551	235
-488.182	224
-490.814	226
-493.447	228
-496.082	228
-498.717	228
-501.354	206
-503.992	207
-506.63	238
-509.27	238
-511.911	210
-514.553	233
-517.197	216
-519.841	223
-522.486	221
-525.133	213
-527.78	197
-530.429	214
-533.078	224
-535.729	213
-538.381	229
-541.034	219
-543.688	211
-546.343	180
-548.999	209
-551.657	219
-554.316	212
-556.975	202
-559.636	202
-562.297	191
-564.961	214
-567.625	216
-570.29	217
-572.956	195
-575.623	210
-578.292	221
-580.961	208
-583.632	213
-586.303	206
-588.976	223
-591.65	205
-594.326	224
-597.002	191
-599.679	223
-602.358	214
-605.037	193
-607.718	222
-610.399	212
-613.082	196
-615.767	215
-618.452	213
-621.138	223
-623.825	228
-626.514	218
-629.203	194
-631.893	213
-634.586	218
-637.278	220
-639.973	203
-642.667	231
-645.364	207
-648.061	231
-650.76	204
-653.46	214
-656.16	212
-658.862	222
-661.566	206
-664.269	206
-666.974	217
-669.681	214
-672.389	221
-675.097	217
-677.807	205
-680.518	219
-683.23	215
-685.943	227
-688.658	213
-691.373	221
-694.089	212
-696.807	222
-699.526	222
-702.245	221
-704.966	227
-707.689	208
-710.412	215
-713.136	217
-715.863	215
-718.589	426
-721.317	244
-724.046	246
-726.776	195
-729.508	236
-732.24	215
-734.974	212
-737.709	223
-740.444	214
-743.182	222
-745.919	218
-748.659	242
-751.399	222
-754.141	219
-756.883	227
-759.627	231
-762.372	197
-765.119	221
-767.866	210
-770.615	218
-773.365	226
-776.115	247
-778.867	225
-781.62	241
-784.375	233
-787.13	221
-789.886	224
-792.644	229
-795.402	211
-798.162	223
-800.924	229
-803.686	222
-806.449	253
-809.215	216
-811.98	224
-814.747	217
-817.516	229
-820.284	237
-823.054	210
-825.827	210
-828.599	237
-831.373	207
-834.149	215
-836.924	213
-839.702	219
-842.48	215
-845.26	206
-848.042	224
-850.823	217
-853.606	220
-856.391	218
-859.177	207
-861.963	216
-864.751	217
-867.54	226
-870.331	225
-873.122	214
-875.915	204
-878.709	209
-881.504	225
-884.3	215
-887.097	207
-889.895	224
-892.695	201
-895.496	213
-898.298	216
-901.101	204
-903.905	216
-906.711	199
-909.518	219
-912.325	214
-915.134	214
-917.945	234
-920.756	210
-923.569	212
-926.383	223
-929.198	225
-932.013	221
-934.831	219
-937.649	222
-940.47	208
-943.29	215
-946.113	231
-948.936	242
-951.761	217
-954.586	214
-957.413	234
-960.242	224
-963.07	229
-965.901	245
-968.733	247
-971.565	247
-974.399	234
-977.235	225
-980.072	229
-982.908	236
-985.747	246
-988.588	237
-991.429	227
-994.271	237
-997.115	260
-999.96	251
-1002.81	245
-1005.65	256
-1008.5	241
-1011.35	242
-1014.2	254
-1017.05	253
-1019.91	264
-1022.76	257
-1025.62	235
-1028.47	251
-1031.33	243
-1034.19	242
-1037.05	259
-1039.91	250
-1042.78	258
-1045.64	250
-1048.51	231
-1051.37	260
-1054.24	255
-1057.11	263
-1059.98	269
-1062.85	272
-1065.72	272
-1068.6	276
-1071.47	250
-1074.35	271
-1077.23	282
-1080.11	276
-1082.99	282
-1085.87	295
-1088.75	290
-1091.63	283
-1094.52	282
-1097.4	269
-1100.29	276
-1103.18	305
-1106.07	308
-1108.96	305
-1111.85	285
-1114.75	310
-1117.64	309
-1120.54	332
-1123.43	325
-1126.33	331
-1129.23	307
-1132.13	317
-1135.03	322
-1137.94	327
-1140.84	330
-1143.75	350
-1146.65	333
-1149.56	345
-1152.47	370
-1155.38	389
-1158.3	377
-1161.21	367
-1164.12	399
-1167.04	415
-1169.96	429
-1172.87	457
-1175.79	496
-1178.71	566
-1181.64	616
-1184.56	681
-1187.48	827
-1190.41	926
-1193.33	1035
-1196.26	1128
-1199.19	1237
-1202.12	1368
-1205.06	1539
-1207.99	1744
-1210.92	1970
-1213.86	2171
-1216.8	2380
-1219.73	2632
-1222.67	2832
-1225.61	3061
-1228.55	3442
-1231.5	3730
-1234.44	4130
-1237.39	4530
-1240.33	5103
-1243.28	6023
-1246.23	8413
-1249.18	10445
-1252.14	11677
-1255.09	13050
-1258.04	14410
-1261	14667
-1263.96	13699
-1266.91	12935
-1269.87	12051
-1272.83	10389
-1275.8	8738
-1278.76	7320
-1281.72	5132
-1284.69	3134
-1287.66	1911
-1290.62	1329
-1293.59	1066
-1296.57	1014
-1299.54	799
-1302.51	716
-1305.49	645
-1308.46	645
-1311.44	583
-1314.42	582
-1317.4	546
-1320.38	543
-1323.36	555
-1326.34	514
-1329.33	529
-1332.32	509
-1335.3	524
-1338.29	534
-1341.28	529
-1344.27	523
-1347.27	529
-1350.26	488
-1353.26	491
-1356.25	485
-1359.25	496
-1362.25	493
-1365.25	446
-1368.25	454
-1371.25	415
-1374.26	402
-1377.26	367
-1380.27	355
-1383.28	331
-1386.29	340
-1389.3	289
-1392.31	268
