2745.96	352
2744.58	336
2743.19	362
2741.81	354
2740.42	352
2739.03	354
2737.64	356
2736.25	367
2734.86	375
2733.47	372
2732.08	379
2730.69	382
2729.3	380
2727.91	360
2726.51	392
2725.12	394
2723.73	389
2722.33	394
2720.94	374
2719.54	384
2718.15	347
2716.75	371
2715.35	363
2713.96	367
2712.56	382
2711.16	386
2709.76	360
2708.36	372
2706.96	338
2705.56	383
2704.16	373
2702.76	392
2701.36	376
2699.96	385
2698.56	372
2697.15	391
2695.75	402
2694.34	394
2692.94	405
2691.53	398
2690.13	396
2688.72	389
2687.31	413
2685.91	417
2684.5	407
2683.09	412
2681.68	397
2680.27	393
2678.86	403
2677.45	386
2676.04	372
2674.63	375
2673.22	397
2671.81	390
2670.39	391
2668.98	412
2667.57	412
2666.15	399
2664.74	423
2663.32	414
2661.91	386
2660.49	396
2659.07	394
2657.65	416
2656.24	411
2654.82	425
2653.4	414
2651.98	433
2650.56	432
2649.14	430
2647.72	423
2646.3	435
2644.87	413
2643.45	440
2642.03	403
2640.61	430
2639.18	440
2637.76	453
2636.33	434
2634.91	440
2633.48	431
2632.05	422
2630.62	433
2629.2	431
2627.77	440
2626.34	434
2624.91	459
2623.48	435
2622.05	438
2620.62	458
2619.19	425
2617.76	468
2616.32	458
2614.89	447
2613.46	447
2612.02	463
2610.59	424
2609.15	459
2607.72	468
2606.28	442
2604.85	472
2603.41	472
2601.97	478
2600.53	476
2599.09	457
2597.65	440
2596.22	454
2594.78	471
2593.33	484
2591.89	463
2590.45	476
2589.01	461
2587.57	466
2586.12	478
2584.68	496
2583.23	502
2581.79	467
2580.34	505
2578.9	499
2577.45	472
2576	499
2574.56	498
2573.11	483
2571.66	492
2570.21	492
2568.76	492
2567.31	517
2565.86	490
2564.41	510
2562.96	522
2561.51	528
2560.05	505
2558.6	539
2557.15	509
2555.69	529
2554.24	538
2552.78	525
2551.32	512
2549.87	513
2548.41	541
2546.95	529
2545.5	531
2544.04	554
2542.58	549
2541.12	539
2539.66	527
2538.2	550
2536.74	531
2535.27	537
2533.81	558
2532.35	570
2530.89	531
2529.42	562
2527.96	547
2526.49	525
2525.03	557
2523.56	560
2522.09	549
2520.63	564
2519.16	581
2517.69	583
2516.22	560
2514.75	577
2513.28	566
2511.81	547
2510.34	580
2508.87	592
2507.4	573
2505.93	555
2504.45	588
2502.98	598
2501.51	564
2500.03	553
2498.56	582
2497.08	600
2495.6	617
2494.13	594
2492.65	583
2491.17	595
2489.69	596
2488.22	585
2486.74	609
2485.26	570
2483.78	588
2482.29	604
2480.81	605
2479.33	615
2477.85	617
2476.36	602
2474.88	626
2473.4	627
2471.91	644
2470.43	615
2468.94	639
2467.45	613
2465.97	612
2464.48	612
2462.99	612
2461.5	644
2460.01	619
2458.52	662
2457.03	662
2455.54	646
2454.05	638
2452.56	666
2451.07	637
2449.57	645
2448.08	639
2446.59	635
2445.09	657
2443.6	643
2442.1	673
2440.6	662
2439.11	678
2437.61	669
2436.11	672
2434.61	641
2433.12	663
2431.62	671
2430.12	625
2428.62	684
2427.11	675
2425.61	674
2424.11	690
2422.61	669
2421.1	664
2419.6	680
2418.1	687
2416.59	683
2415.09	661
2413.58	710
2412.07	680
2410.57	692
2409.06	698
2407.55	699
2406.04	705
2404.53	704
2403.02	702
2401.51	691
2400	702
2398.49	715
2396.98	692
2395.46	723
2393.95	704
2392.44	735
2390.92	742
2389.41	746
2387.89	746
2386.38	750
2384.86	742
2383.34	759
2381.82	733
2380.31	753
2378.79	763
2377.27	741
2375.75	744
2374.23	747
2372.71	753
2371.19	750
2369.66	765
2368.14	742
2366.62	762
2365.09	777
2363.57	779
2362.04	761
2360.52	799
2358.99	795
2357.47	789
2355.94	778
2354.41	753
2352.88	788
2351.35	760
2349.83	797
2348.3	783
2346.77	827
2345.23	788
2343.7	772
2342.17	833
2340.64	792
2339.1	828
2337.57	826
2336.04	834
2334.5	811
2332.97	812
2331.43	800
2329.89	829
2328.36	819
2326.82	846
2325.28	832
2323.74	860
2322.2	829
2320.66	850
2319.12	829
2317.58	826
2316.04	844
2314.5	859
2312.95	863
2311.41	865
2309.87	843
2308.32	874
2306.78	888
2305.23	856
2303.68	859
2302.14	870
2300.59	871
2299.04	894
2297.49	890
2295.94	890
2294.39	927
2292.84	890
2291.29	889
2289.74	915
2288.19	903
2286.64	926
2285.09	905
2283.53	903
2281.98	922
2280.42	942
2278.87	933
2277.31	913
2275.76	924
2274.2	933
2272.64	905
2271.08	955
2269.52	953
2267.96	942
2266.4	959
2264.84	917
2263.28	968
2261.72	949
2260.16	937
2258.6	952
2257.03	959
2255.47	976
2253.9	973
2252.34	987
2250.77	958
2249.21	1008
2247.64	1004
2246.07	1011
2244.51	1014
2242.94	1003
2241.37	1038
2239.8	1008
2238.23	1056
2236.66	1031
2235.09	1048
2233.51	1023
2231.94	1020
2230.37	1040
2228.79	1042
2227.22	1050
2225.65	1052
2224.07	1032
2222.49	1062
2220.92	1041
2219.34	1073
2217.76	1128
2216.18	1054
2214.61	1081
2213.03	1087
2211.45	1105
2209.86	1082
2208.28	1139
2206.7	1105
2205.12	1114
2203.54	1115
2201.95	1121
2200.37	1132
2198.78	1143
2197.2	1131
2195.61	1140
2194.03	1133
2192.44	1138
2190.85	1164
2189.26	1154
2187.67	1164
2186.09	1173
2184.5	1169
2182.9	1194
2181.31	1167
2179.72	1148
2178.13	1171
2176.54	1175
2174.94	1179
2173.35	1196
2171.75	1208
2170.16	1236
2168.56	1216
2166.97	1212
2165.37	1230
2163.77	1216
2162.17	1210
2160.58	1220
2158.98	1254
2157.38	1221
2155.78	1244
2154.17	1271
2152.57	1238
2150.97	1265
2149.37	1267
2147.76	1310
2146.16	1386
2144.56	1281
2142.95	1301
2141.34	1260
2139.74	1271
2138.13	1339
2136.52	1267
2134.91	1295
2133.31	1280
2131.7	1312
2130.09	1298
2128.48	1296
2126.86	1282
2125.25	1310
2123.64	1298
2122.03	1295
2120.41	1296
2118.8	1297
2117.18	1295
2115.57	1325
2113.95	1320
2112.34	1336
2110.72	1343
2109.1	1326
2107.48	1351
2105.86	1358
2104.25	1350
2102.63	1370
2101	1307
2099.38	1340
2097.76	1383
2096.14	1367
2094.52	1369
2092.89	1360
2091.27	1394
2089.64	1376
2088.02	1390
2086.39	1361
2084.76	1366
2083.14	1347
2081.51	1420
2079.88	1405
2078.25	1417
2076.62	1427
2074.99	1390
2073.36	1438
2071.73	1395
2070.1	1429
2068.46	1404
2066.83	1393
2065.2	1421
2063.56	1402
2061.93	1413
2060.29	1440
2058.65	1425
2057.02	1427
2055.38	1421
2053.74	1433
2052.1	1398
2050.46	1403
2048.82	1398
2047.18	1413
2045.54	1413
2043.9	1443
2042.26	1386
2040.61	1427
2038.97	1391
2037.33	1399
2035.68	1408
2034.04	1359
2032.39	1406
2030.74	1434
2029.1	1436
2027.45	1438
2025.8	1436
2024.15	1437
2022.5	1423
2020.85	1426
2019.2	1397
2017.55	1432
2015.89	1437
2014.24	1430
2012.59	1435
2010.93	1435
2009.28	1466
2007.62	1433
2005.97	1407
2004.31	1422
2002.65	1456
2001	1473
1999.34	1443
1997.68	1456
1996.02	1449
1994.36	1466
1992.7	1499
1991.04	1432
1989.38	1470
1987.71	1477
1986.05	1481
1984.39	1462
1982.72	1508
1981.06	1471
1979.39	1447
1977.72	1459
1976.06	1451
1974.39	1486
1972.72	1472
1971.05	1462
1969.38	1492
1967.71	1484
1966.04	1477
1964.37	1478
1962.7	1513
1961.03	1520
1959.35	1480
1957.68	1561
1956	1487
1954.33	1477
1952.65	1496
1950.98	1538
1949.3	1501
1947.62	1524
1945.94	1561
1944.27	1550
1942.59	1521
1940.91	1511
1939.23	1548
1937.54	1501
1935.86	1539
1934.18	1537
1932.5	1522
1930.81	1580
1929.13	1559
1927.44	1538
1925.76	1549
1924.07	1577
1922.39	1558
1920.7	1560
1919.01	1575
1917.32	1549
1915.63	1549
1913.94	1577
1912.25	1552
1910.56	1548
1908.87	1571
1907.17	1599
1905.48	1597
1903.79	1574
1902.09	1590
1900.4	1608
1898.7	1604
1897.01	1609
1895.31	1619
1893.61	1627
1891.91	1646
1890.21	1660
1888.51	1637
1886.81	1678
1885.11	1688
1883.41	1681
1881.71	1670
1880.01	1691
1878.3	1689
1876.6	1686
1874.9	1741
1873.19	1709
1871.48	1706
1869.78	1767
1868.07	1769
1866.36	1729
1864.65	1773
1862.95	1745
1861.24	1798
1859.53	1795
1857.81	1759
1856.1	1799
1854.39	1819
1852.68	1851
1850.96	1838
1849.25	1872
1847.54	1828
1845.82	1872
1844.1	1880
1842.39	1887
1840.67	1936
1838.95	1892
1837.23	1894
1835.51	1896
1833.79	1896
1832.07	1926
1830.35	1908
1828.63	1991
1826.91	1990
1825.18	2000
1823.46	1987
1821.74	2006
1820.01	2030
1818.29	2025
1816.56	2056
1814.83	2060
1813.1	2053
1811.38	2067
1809.65	2111
1807.92	2130
1806.19	2116
1804.46	2155
1802.73	2152
1800.99	2192
1799.26	2205
1797.53	2184
1795.79	2176
1794.06	2228
1792.32	2224
1790.59	2287
1788.85	2280
1787.11	2280
1785.37	2280
1783.64	2312
1781.9	2282
1780.16	2322
1778.42	2350
1776.67	2318
1774.93	2400
1773.19	2435
1771.45	2399
1769.7	2459
1767.96	2491
1766.21	2472
1764.47	2510
1762.72	2500
1760.97	2530
1759.23	2548
1757.48	2584
1755.73	2585
1753.98	2616
1752.23	2651
1750.48	2684
1748.73	2696
1746.97	2655
1745.22	2760
1743.47	2790
1741.71	2806
1739.96	2794
1738.2	2840
1736.44	2910
1734.69	2921
1732.93	2937
1731.17	2955
1729.41	2948
1727.65	3051
1725.89	3081
1724.13	3099
1722.37	3142
1720.61	3158
1718.85	3148
1717.08	3199
1715.32	3208
1713.55	3263
1711.79	3321
1710.02	3264
1708.25	3356
1706.49	3468
1704.72	3482
1702.95	3453
1701.18	3530
1699.41	3558
1697.64	3656
1695.87	3611
1694.09	3709
1692.32	3797
1690.55	3785
1688.77	3790
1687	3834
1685.22	3811
1683.45	3961
1681.67	3955
1679.89	4011
1678.11	3977
1676.34	4026
1674.56	4023
1672.78	4102
1671	4176
1669.21	4223
1667.43	4201
1665.65	4250
1663.86	4277
1662.08	4306
1660.3	4352
1658.51	4381
1656.72	4481
1654.94	4459
1653.15	4501
1651.36	4546
1649.57	4583
1647.78	4487
1645.99	4490
1644.2	4535
1642.41	4569
1640.62	4640
1638.82	4636
1637.03	4585
1635.24	4656
1633.44	4615
1631.65	4594
1629.85	4584
1628.05	4639
1626.25	4622
1624.46	4558
1622.66	4615
1620.86	4542
1619.06	4528
1617.26	4567
1615.45	4551
1613.65	4544
1611.85	4475
1610.04	4472
1608.24	4518
1606.43	4476
1604.63	4480
1602.82	4490
1601.02	4498
1599.21	4455
1597.4	4380
1595.59	4416
1593.78	4471
1591.97	4423
1590.16	4388
1588.35	4328
1586.53	4372
1584.72	4350
1582.91	4344
1581.09	4308
1579.28	4258
1577.46	4292
1575.64	4317
1573.82	4256
1572.01	4216
1570.19	4223
1568.37	4170
1566.55	4231
1564.73	4252
1562.91	4212
1561.08	4186
1559.26	4183
1557.44	4150
1555.61	4106
1553.79	4180
1551.96	4135
1550.14	4088
1548.31	4107
1546.48	4079
1544.65	4074
1542.82	4104
1540.99	4060
1539.16	3980
1537.33	4048
1535.5	3973
1533.67	3970
1531.83	3988
1530	3986
1528.16	3970
1526.33	3971
1524.49	3939
1522.66	3894
1520.82	3937
1518.98	3907
1517.14	3886
1515.3	3964
1513.46	3915
1511.62	3901
1509.78	3862
1507.94	3963
1506.09	3888
1504.25	3834
1502.41	3875
1500.56	3895
1498.71	3910
1496.87	3860
1495.02	3901
1493.17	3830
1491.32	3848
1489.47	3847
1487.63	3908
1485.77	3851
1483.92	3925
1482.07	3880
1480.22	3826
1478.36	3860
1476.51	3872
1474.66	3865
1472.8	3896
1470.94	3843
1469.09	3842
1467.23	3916
1465.37	3889
1463.51	3928
1461.65	3916
1459.79	3911
1457.93	3896
1456.07	3907
1454.2	3926
1452.34	3884
1450.48	3892
1448.61	3914
1446.75	3910
1444.88	3899
1443.01	3914
1441.14	3848
1439.28	3841
1437.41	3821
1435.54	3868
1433.67	3799
1431.8	3836
1429.92	3799
1428.05	3763
1426.18	3792
1424.3	3770
1422.43	3710
1420.55	3792
1418.68	3754
1416.8	3744
1414.92	3759
1413.04	3785
1411.17	3728
1409.29	3767
1407.41	3756
1405.52	3662
1403.64	3739
1401.76	3720
1399.88	3694
1397.99	3678
1396.11	3739
1394.22	3736
1392.34	3702
1390.45	3673
1388.56	3703
1386.67	3732
1384.78	3736
1382.89	3729
1381	3701
1379.11	3684
1377.22	3664
1375.33	3718
1373.43	3687
1371.54	3663
1369.65	3712
1367.75	3692
1365.85	3709
1363.96	3702
1362.06	3720
1360.16	3676
1358.26	3772
1356.36	3749
1354.46	3823
1352.56	3798
1350.66	3784
1348.75	3774
1346.85	3847
1344.95	3766
1343.04	3757
1341.14	3826
1339.23	3785
1337.32	3844
1335.42	3861
1333.51	3807
1331.6	3839
1329.69	3859
1327.78	3842
1325.86	3883
1323.95	3902
1322.04	3870
1320.13	3936
1318.21	3909
1316.3	3974
1314.38	3945
1312.46	3991
1310.55	4050
1308.63	4061
1306.71	4069
1304.79	4081
1302.87	4134
1300.95	4095
1299.03	4109
1297.1	4115
1295.18	4205
1293.26	4175
1291.33	4202
1289.41	4291
1287.48	4310
1285.55	4313
1283.63	4336
1281.7	4289
1279.77	4372
1277.84	4411
1275.91	4419
1273.98	4428
1272.05	4417
1270.11	4450
1268.18	4424
1266.24	4392
1264.31	4458
1262.37	4515
1260.44	4435
1258.5	4350
1256.56	4396
1254.62	4389
1252.68	4446
1250.74	4386
1248.8	4357
1246.86	4326
1244.92	4309
1242.98	4315
1241.03	4267
1239.09	4175
1237.14	4229
1235.2	4147
1233.25	4134
1231.3	4056
1229.35	4074
1227.4	3949
1225.45	3932
1223.5	3901
1221.55	3856
1219.6	3759
1217.65	3747
1215.69	3700
1213.74	3687
1211.78	3634
1209.83	3612
1207.87	3566
1205.91	3496
1203.96	3436
1202	3411
1200.04	3346
1198.08	3357
1196.12	3390
1194.15	3346
1192.19	3328
1190.23	3285
1188.26	3229
1186.3	3261
1184.33	3227
1182.37	3248
1180.4	3239
1178.43	3221
1176.46	3195
1174.49	3174
1172.52	3152
1170.55	3196
1168.58	3169
1166.61	3168
1164.64	3165
1162.66	3146
1160.69	3176
1158.71	3145
1156.73	3158
1154.76	3153
1152.78	3141
1150.8	3124
1148.82	3149
1146.84	3103
1144.86	3179
1142.88	3101
1140.9	3142
1138.91	3149
1136.93	3154
1134.95	3170
1132.96	3115
1130.97	3069
1128.99	3105
1127	3123
1125.01	3143
1123.02	3128
1121.03	3185
1119.04	3083
1117.05	3152
1115.06	3152
1113.07	3132
1111.07	3097
1109.08	3100
1107.08	3070
1105.09	3124
1103.09	3106
1101.09	3147
1099.09	3076
1097.09	3149
1095.09	3046
1093.09	3063
1091.09	3084
1089.09	3058
1087.09	3019
1085.08	3123
1083.08	3068
1081.07	3062
1079.07	3049
1077.06	3018
1075.05	3060
1073.04	3080
1071.03	3021
1069.02	3039
1067.01	2981
1065	3040
1062.99	3006
1060.98	2969
1058.96	3014
1056.95	2981
1054.93	2964
1052.92	2923
1050.9	2933
1048.88	2899
1046.86	2929
1044.84	2960
1042.82	2912
1040.8	2943
1038.78	2886
1036.76	2905
1034.74	2854
1032.71	2842
1030.69	2838
1028.66	2789
1026.64	2783
1024.61	2815
1022.58	2809
1020.55	2777
1018.52	2797
1016.49	2756
1014.46	2730
1012.43	2679
1010.4	2705
1008.36	2749
1006.33	2696
1004.29	2771
1002.26	2690
1000.22	2725
998.184	2719
996.146	2738
994.108	2746
992.068	2733
990.028	2757
987.986	2752
985.944	2779
983.901	2783
981.858	2761
979.813	2757
977.768	2728
975.722	2750
973.675	2798
971.627	2813
969.579	2755
967.53	2814
965.48	2817
963.429	2835
961.377	2851
959.325	2850
957.273	2835
955.218	2829
953.163	2848
951.108	2824
949.051	2855
946.994	2806
944.936	2823
942.878	2842
940.818	2858
938.758	2846
936.697	2861
934.634	2902
932.572	2883
930.509	2883
928.444	2927
926.379	2893
924.313	2889
922.246	2940
920.179	2952
918.111	2936
916.041	2961
913.972	2947
911.901	2964
909.829	2990
907.757	3010
905.684	3007
903.61	3006
901.535	2990
899.46	2987
897.383	3001
895.306	2964
893.228	3041
891.149	3083
889.069	3032
886.989	3077
884.908	3058
882.826	3101
880.743	3110
878.659	3094
876.575	3143
874.49	3137
872.403	3173
870.317	3221
868.229	3167
866.141	3272
864.051	3231
861.961	3237
859.87	3251
857.779	3248
855.685	3324
853.592	3316
851.498	3287
849.403	3334
847.307	3390
845.211	3390
843.113	3364
841.015	3436
838.916	3473
836.816	3457
834.715	3467
832.613	3484
830.511	3506
828.408	3531
826.304	3559
824.199	3538
822.093	3438
819.987	3505
817.879	3566
815.771	3566
813.663	3527
811.553	3559
809.442	3581
807.331	3531
805.218	3655
803.105	3598
800.992	3606
798.877	3661
796.761	3642
794.645	3630
792.527	3643
790.41	3665
788.291	3687
786.171	3637
784.051	3671
781.929	3624
779.807	3727
777.684	3752
775.56	3717
773.436	3822
771.31	3764
769.184	3724
767.057	3798
764.929	3881
762.8	3819
760.67	3856
758.54	3908
756.409	3891
754.277	3909
752.143	3954
750.01	3956
747.875	4004
745.74	3950
743.603	4019
741.466	4017
739.328	4058
737.189	4086
735.049	4019
732.909	4110
730.768	4115
728.626	4101
726.483	4081
724.339	4076
722.194	4089
720.049	4072
717.903	4077
715.755	4075
713.607	4162
711.458	4077
709.308	4136
707.158	4125
705.007	4098
702.855	4059
700.701	4097
698.548	4112
696.393	4099
694.237	4105
692.081	4064
689.923	4069
687.765	4094
685.606	4084
683.446	4061
681.286	4078
679.124	4151
676.962	4127
674.798	4128
672.635	4209
670.469	4169
668.304	4170
666.137	4154
663.969	4220
661.801	4211
659.632	4287
657.462	4251
655.291	4215
653.119	4208
650.947	4322
648.773	4312
646.599	4300
644.424	4356
642.248	4318
640.071	4495
637.893	4448
635.714	4472
633.535	4504
631.354	4503
629.173	4446
626.992	4406
624.809	4554
622.625	4562
620.44	4562
618.255	4575
616.069	4593
613.882	4625
611.694	4597
609.505	4643
607.315	4596
605.124	4607
602.933	4657
600.741	4691
598.548	4676
596.354	4650
594.158	4674
591.963	4651
589.766	4716
587.569	4726
585.37	4755
583.171	4731
580.971	4722
578.769	4766
576.569	4765
574.365	4764
572.161	4784
569.957	4773
567.752	4791
565.545	4843
563.339	4846
561.13	4918
558.922	4905
556.712	4906
554.502	4982
552.291	4975
550.078	4975
547.865	4943
545.651	4929
543.436	5063
541.22	5058
539.004	5096
536.787	5120
534.568	5147
532.349	5144
530.128	5161
527.907	5242
525.686	5174
523.463	5274
521.239	5312
519.015	5279
516.789	5355
514.563	5435
512.335	5409
510.107	5382
507.879	5396
505.648	5408
503.418	5454
501.186	5389
498.954	5485
496.721	5474
494.486	5504
492.251	5497
490.015	5437
487.778	5555
485.541	5533
483.302	5528
481.063	5589
478.822	5641
476.581	5570
474.338	5559
472.096	5586
469.851	5609
467.607	5585
465.361	5679
463.114	5710
460.867	5697
458.618	5735
456.369	5725
454.119	5816
451.868	5793
449.616	5793
447.363	5836
445.11	5885
442.854	5944
440.599	5895
438.343	5967
436.085	5960
433.827	6013
431.568	5994
429.308	6040
427.047	6130
424.786	6138
422.522	6131
420.259	6107
417.994	6234
415.729	6145
413.463	6227
411.196	6288
408.927	6252
406.658	6271
404.389	6197
402.118	6262
399.846	6208
397.573	6232
395.3	6272
393.025	6285
390.75	6295
388.474	6258
386.196	6260
383.919	6270
381.64	6285
379.36	6316
377.08	6327
374.798	6304
372.515	6363
370.231	6381
367.947	6452
365.662	6382
363.376	6404
361.089	6430
358.801	6397
356.511	6424
354.222	6501
351.931	6546
349.639	6459
347.347	6473
345.053	6546
342.759	6581
340.463	6559
338.167	6630
335.871	6577
333.572	6649
331.273	6631
328.974	6744
326.673	6725
324.371	6865
322.068	6883
319.765	6950
317.46	7012
315.154	7125
312.849	7169
310.541	7254
308.233	7331
305.924	7432
303.614	7475
301.303	7635
298.992	7779
296.679	7860
294.365	8020
292.051	8214
289.734	8298
287.418	8440
285.101	8596
282.783	8874
280.463	9129
278.144	9261
275.822	9400
273.5	9674
271.178	9915
268.853	10079
266.529	10353
264.203	10574
261.876	10823
259.548	11054
257.22	11386
254.891	11661
252.561	11885
250.229	12176
247.897	12535
245.564	12915
243.23	13143
240.895	13405
238.559	13874
236.222	14128
233.884	14558
231.545	15012
229.206	15301
226.865	15869
224.524	16206
222.181	16535
219.838	16926
217.493	17411
215.148	18171
212.802	18405
210.455	18796
208.106	19483
205.758	20252
203.407	20810
201.056	21071
198.705	21718
196.351	22374
193.997	22802
191.643	23223
189.288	23902
186.931	24389
184.574	24963
182.214	25331
179.855	25874
177.495	26509
175.134	26795
172.771	27030
170.408	27374
168.044	28059
165.679	28633
163.312	28820
160.946	29139
158.578	29743
156.208	30056
153.838	30249
151.468	30514
149.097	30944
146.724	31002
144.349	31360
141.975	31725
139.599	31957
137.223	32596
134.846	33175
132.467	33316
130.088	33869
127.707	34363
125.326	35002
122.944	35508
120.56	35920
118.177	36619
115.791	37432
113.405	38415
111.018	39070
108.63	39968
106.241	40862
103.851	42092
101.46	43634
99.0686	45205
96.675	46928
94.2815	48731
91.8872	50702
89.4909	52469
87.0947	54959
84.6966	57812
82.2976	60914
79.8987	63873
77.4979	64524
75.0962	64524
72.6935	64524
70.29	64524
67.8855	64524
65.4801	64524
63.0739	64524
60.6667	64524
58.2586	64524
55.8495	64524
53.4386	64524
51.0278	64524
48.616	64524
46.2023	64524
43.7887	64524
41.3732	64524
38.9568	64524
36.5404	64524
34.1222	64524
31.703	64524
29.2829	64524
26.8618	64524
24.4399	64524
22.017	64524
19.5932	64524
17.1685	64524
14.7429	64524
12.3153	64524
9.88782	64524
7.4594	64524
5.02907	64524
2.5988	64524
0.166609	64524
-2.26552	64524
-4.69956	64524
-7.13454	64524
-9.57045	64524
-12.0063	64524
-14.4441	64524
-16.8828	64524
-19.3224	64524
-21.763	64524
-24.2045	64524
-26.6479	64524
-29.0913	64524
-31.5356	64524
-33.9808	64524
-36.428	64524
-38.8751	64524
-41.3241	64524
-43.7731	64524
-46.224	64524
-48.6749	64524
-51.1277	64524
-53.5814	64524
-56.0361	64524
-58.4907	64524
-60.9473	64524
-63.4048	64524
-65.8633	60057
-68.3227	52926
-70.783	46579
-73.2453	41194
-75.7075	36617
-78.1707	32639
-80.6348	29311
-83.1009	26266
-85.5669	23675
-88.0349	21359
-90.5028	19174
-92.9727	17332
-95.4425	15789
-97.9143	14132
-100.387	12770
-102.861	11475
-105.334	10460
-107.81	9457
-110.286	8664
-112.764	8015
-115.242	7310
-117.722	6806
-120.203	6091
-122.684	5490
-125.167	4846
-127.65	4475
-130.135	4043
-132.62	3708
-135.106	3505
-137.594	3155
-140.082	2944
-142.572	2720
-145.063	2412
-147.554	2183
-150.047	1994
-152.541	1834
-155.036	1734
-157.532	1654
-160.028	1520
-162.526	1407
-165.025	1331
-167.525	1255
-170.025	1207
-172.527	1114
-175.029	1120
-177.534	1072
-180.038	984
-182.544	960
-185.051	937
-187.559	866
-190.068	866
-192.577	844
-195.089	844
-197.6	829
-200.113	791
-202.628	799
-205.143	758
-207.659	782
-210.176	741
-212.694	756
-215.213	734
-217.734	733
-220.255	717
-222.777	739
-225.3	688
-227.824	721
-230.349	679
-232.876	667
-235.403	630
-237.932	640
-240.461	613
-242.992	618
-245.523	598
-248.056	585
-250.589	586
-253.124	567
-255.66	579
-258.197	615
-260.734	551
-263.273	577
-265.813	558
-268.354	562
-270.896	544
-273.439	532
-275.982	521
-278.527	493
-281.074	501
-283.621	492
-286.169	480
-288.718	479
-291.269	463
-293.82	447
-296.372	434
-298.925	440
-301.48	414
-304.035	440
-306.592	416
-309.15	429
-311.708	414
-314.268	417
-316.828	392
-319.39	402
-321.953	401
-324.517	373
-327.082	381
-329.648	394
-332.215	375
-334.783	361
-337.352	365
-339.922	373
-342.493	373
-345.066	350
-347.639	367
-350.213	371
-352.789	349
-355.365	351
-357.943	337
-360.521	330
-363.101	336
-365.681	327
-368.263	318
-370.847	337
-373.431	285
-376.015	320
-378.601	304
-381.188	297
-383.777	295
-386.366	303
-388.956	282
-391.548	296
-394.14	303
-396.733	278
-399.328	284
-401.923	279
-404.521	294
-407.118	270
-409.717	279
-412.317	252
-414.918	282
-417.52	267
-420.123	275
-422.727	258
-425.332	264
-427.939	269
-430.546	258
-433.155	254
-435.764	253
-438.374	264
-440.986	235
-443.599	259
-446.213	263
-448.828	251
-451.444	248
-454.061	228
-456.68	244
-459.299	240
-461.919	228
-464.54	242
-467.163	212
-469.786	234
-472.411	228
-475.037	228
-477.663	215
-480.292	232
-482.92	235
-485.551	234
-488.182	220
-490.814	234
-493.447	220
-496.082	222
-498.717	233
-501.354	234
-503.992	219
-506.63	236
-509.27	239
-511.911	215
-514.553	231
-517.197	232
-519.841	216
-522.486	218
-525.133	212
-527.78	218
-530.429	222
-533.078	208
-535.729	197
-538.381	212
-541.034	215
-543.688	209
-546.343	208
-548.999	217
-551.657	214
-554.316	210
-556.975	207
-559.636	206
-562.297	197
-564.961	213
-567.625	209
-570.29	192
-572.956	199
-575.623	199
-578.292	203
-580.961	209
-583.632	204
-586.303	206
-588.976	216
-591.65	220
-594.326	227
-597.002	206
-599.679	211
-602.358	216
-605.037	216
-607.718	214
-610.399	211
-613.082	210
-615.767	210
-618.452	244
-621.138	215
-623.825	222
-626.514	215
-629.203	229
-631.893	202
-634.586	206
-637.278	219
-639.973	214
-642.667	215
-645.364	213
-648.061	221
-650.76	216
-653.46	217
-656.16	222
-658.862	223
-661.566	227
-664.269	218
-666.974	213
-669.681	219
-672.389	234
-675.097	224
-677.807	211
-680.518	225
-683.23	204
-685.943	203
-688.658	214
-691.373	228
-694.089	221
-696.807	198
-699.526	216
-702.245	225
-704.966	226
-707.689	219
-710.412	211
-713.136	220
-715.863	215
-718.589	199
-721.317	218
-724.046	240
-726.776	230
-729.508	216
-732.24	208
-734.974	229
-737.709	212
-740.444	219
-743.182	200
-745.919	204
-748.659	227
-751.399	220
-754.141	230
-756.883	196
-759.627	220
-762.372	220
-765.119	232
-767.866	207
-770.615	226
-773.365	222
-776.115	236
-778.867	236
-781.62	210
-784.375	207
-787.13	233
-789.886	234
-792.644	232
-795.402	219
-798.162	232
-800.924	231
-803.686	217
-806.449	236
-809.215	216
-811.98	244
-814.747	218
-817.516	203
-820.284	220
-823.054	210
-825.827	240
-828.599	207
-831.373	206
-834.149	202
-836.924	231
-839.702	218
-842.48	208
-845.26	219
-848.042	221
-850.823	220
-853.606	215
-856.391	218
-859.177	222
-861.963	219
-864.751	226
-867.54	208
-870.331	223
-873.122	229
-875.915	222
-878.709	219
-881.504	212
-884.3	212
-887.097	219
-889.895	211
-892.695	224
-895.496	214
-898.298	232
-901.101	204
-903.905	206
-906.711	220
-909.518	235
-912.325	224
-915.134	212
-917.945	203
-920.756	234
-923.569	232
-926.383	204
-929.198	222
-932.013	216
-934.831	231
-937.649	226
-940.47	228
-943.29	225
-946.113	218
-948.936	244
-951.761	219
-954.586	268
-957.413	225
-960.242	235
-963.07	240
-965.901	224
-968.733	252
-971.565	243
-974.399	226
-977.235	232
-980.072	256
-982.908	238
-985.747	244
-988.588	251
-991.429	236
-994.271	248
-997.115	227
-999.96	248
-1002.81	256
-1005.65	262
-1008.5	256
-1011.35	252
-1014.2	254
-1017.05	250
-1019.91	245
-1022.76	264
-1025.62	260
-1028.47	269
-1031.33	259
-1034.19	263
-1037.05	258
-1039.91	248
-1042.78	259
-1045.64	284
-1048.51	252
-1051.37	279
-1054.24	286
-1057.11	276
-1059.98	276
-1062.85	288
-1065.72	288
-1068.6	293
-1071.47	280
-1074.35	272
-1077.23	280
-1080.11	286
-1082.99	289
-1085.87	290
-1088.75	294
-1091.63	280
-1094.52	287
-1097.4	311
-1100.29	291
-1103.18	311
-1106.07	320
-1108.96	314
-1111.85	300
-1114.75	328
-1117.64	326
-1120.54	324
-1123.43	315
-1126.33	310
-1129.23	340
-1132.13	325
-1135.03	340
-1137.94	336
-1140.84	341
-1143.75	366
-1146.65	373
-1149.56	362
-1152.47	364
-1155.38	381
-1158.3	381
-1161.21	405
-1164.12	407
-1167.04	424
-1169.96	479
-1172.87	497
-1175.79	539
-1178.71	632
-1181.64	684
-1184.56	808
-1187.48	995
-1190.41	1096
-1193.33	1232
-1196.26	1354
-1199.19	1502
-1202.12	1680
-1205.06	1832
-1207.99	2030
-1210.92	2253
-1213.86	2347
-1216.8	2530
-1219.73	2672
-1222.67	2867
-1225.61	3149
-1228.55	3526
-1231.5	3869
-1234.44	4210
-1237.39	4538
-1240.33	5027
-1243.28	5891
-1246.23	7325
-1249.18	10059
-1252.14	12243
-1255.09	14188
-1258.04	15180
-1261	14813
-1263.96	14022
-1266.91	12860
-1269.87	12394
-1272.83	10688
-1275.8	8781
-1278.76	6623
-1281.72	4520
-1284.69	2781
-1287.66	1700
-1290.62	1171
-1293.59	1042
-1296.57	994
-1299.54	835
-1302.51	692
-1305.49	610
-1308.46	585
-1311.44	571
-1314.42	568
-1317.4	548
-1320.38	533
-1323.36	511
-1326.34	522
-1329.33	514
-1332.32	504
-1335.3	451
-1338.29	466
-1341.28	485
-1344.27	485
-1347.27	460
-1350.26	436
-1353.26	443
-1356.25	483
-1359.25	431
-1362.25	430
-1365.25	440
-1368.25	410
-1371.25	400
-1374.26	386
-1377.26	339
-1380.27	346
-1383.28	317
-1386.29	270
-1389.3	259
-1392.31	258
