2745.96	350
2744.58	343
2743.19	359
2741.81	370
2740.42	366
2739.03	345
2737.64	368
2736.25	360
2734.86	365
2733.47	363
2732.08	369
2730.69	386
2729.3	376
2727.91	379
2726.51	358
2725.12	383
2723.73	377
2722.33	382
2720.94	360
2719.54	387
2718.15	376
2716.75	369
2715.35	367
2713.96	364
2712.56	380
2711.16	360
2709.76	373
2708.36	382
2706.96	366
2705.56	386
2704.16	384
2702.76	363
2701.36	385
2699.96	403
2698.56	383
2697.15	378
2695.75	384
2694.34	383
2692.94	402
2691.53	392
2690.13	391
2688.72	394
2687.31	406
2685.91	413
2684.5	368
2683.09	384
2681.68	393
2680.27	395
2678.86	405
2677.45	402
2676.04	398
2674.63	395
2673.22	414
2671.81	389
2670.39	407
2668.98	427
2667.57	404
2666.15	403
2664.74	395
2663.32	396
2661.91	400
2660.49	408
2659.07	424
2657.65	420
2656.24	422
2654.82	422
2653.4	422
2651.98	430
2650.56	416
2649.14	419
2647.72	413
2646.3	439
2644.87	445
2643.45	426
2642.03	432
2640.61	419
2639.18	420
2637.76	429
2636.33	441
2634.91	456
2633.48	428
2632.05	448
2630.62	439
2629.2	443
2627.77	448
2626.34	436
2624.91	450
2623.48	466
2622.05	466
2620.62	456
2619.19	462
2617.76	461
2616.32	447
2614.89	447
2613.46	450
2612.02	463
2610.59	455
2609.15	442
2607.72	450
2606.28	457
2604.85	478
2603.41	472
2601.97	457
2600.53	497
2599.09	479
2597.65	471
2596.22	468
2594.78	495
2593.33	469
2591.89	454
2590.45	474
2589.01	470
2587.57	472
2586.12	471
2584.68	495
2583.23	497
2581.79	495
2580.34	480
2578.9	484
2577.45	496
2576	489
2574.56	490
2573.11	480
2571.66	498
2570.21	496
2568.76	507
2567.31	503
2565.86	518
2564.41	509
2562.96	496
2561.51	510
2560.05	502
2558.6	501
2557.15	539
2555.69	526
2554.24	509
2552.78	517
2551.32	517
2549.87	532
2548.41	507
2546.95	537
2545.5	551
2544.04	529
2542.58	530
2541.12	548
2539.66	539
2538.2	510
2536.74	535
2535.27	545
2533.81	538
2532.35	522
2530.89	579
2529.42	536
2527.96	563
2526.49	561
2525.03	505
2523.56	540
2522.09	560
2520.63	570
2519.16	551
2517.69	565
2516.22	566
2514.75	568
2513.28	563
2511.81	610
2510.34	567
2508.87	551
2507.4	578
2505.93	588
2504.45	567
2502.98	562
2501.51	568
2500.03	597
2498.56	562
2497.08	582
2495.6	581
2494.13	598
2492.65	609
2491.17	579
2489.69	585
2488.22	579
2486.74	607
2485.26	577
2483.78	636
2482.29	611
2480.81	602
2479.33	596
2477.85	579
2476.36	628
2474.88	592
2473.4	603
2471.91	596
2470.43	620
2468.94	632
2467.45	614
2465.97	600
2464.48	614
2462.99	616
2461.5	652
2460.01	635
2458.52	622
2457.03	623
2455.54	650
2454.05	636
2452.56	636
2451.07	655
2449.57	644
2448.08	659
2446.59	656
2445.09	636
2443.6	670
2442.1	664
2440.6	660
2439.11	648
2437.61	664
2436.11	663
2434.61	654
2433.12	676
2431.62	686
2430.12	662
2428.62	668
2427.11	705
2425.61	674
2424.11	687
2422.61	669
2421.1	694
2419.6	675
2418.1	685
2416.59	676
2415.09	679
2413.58	699
2412.07	688
2410.57	701
2409.06	716
2407.55	716
2406.04	706
2404.53	700
2403.02	715
2401.51	710
2400	720
2398.49	709
2396.98	704
2395.46	748
2393.95	719
2392.44	740
2390.92	747
2389.41	736
2387.89	744
2386.38	748
2384.86	736
2383.34	726
2381.82	724
2380.31	742
2378.79	756
2377.27	738
2375.75	731
2374.23	776
2372.71	771
2371.19	764
2369.66	747
2368.14	780
2366.62	744
2365.09	766
2363.57	754
2362.04	800
2360.52	766
2358.99	748
2357.47	795
2355.94	791
2354.41	820
2352.88	775
2351.35	800
2349.83	798
2348.3	776
2346.77	798
2345.23	802
2343.7	794
2342.17	797
2340.64	788
2339.1	797
2337.57	807
2336.04	815
2334.5	787
2332.97	804
2331.43	845
2329.89	838
2328.36	832
2326.82	820
2325.28	826
2323.74	851
2322.2	805
2320.66	836
2319.12	860
2317.58	839
2316.04	838
2314.5	839
2312.95	846
2311.41	872
2309.87	870
2308.32	863
2306.78	898
2305.23	871
2303.68	886
2302.14	919
2300.59	886
2299.04	867
2297.49	878
2295.94	873
2294.39	880
2292.84	905
2291.29	908
2289.74	927
2288.19	905
2286.64	906
2285.09	915
2283.53	922
2281.98	914
2280.42	927
2278.87	925
2277.31	910
2275.76	949
2274.2	945
2272.64	930
2271.08	945
2269.52	929
2267.96	937
2266.4	953
2264.84	941
2263.28	969
2261.72	931
2260.16	963
2258.6	947
2257.03	945
2255.47	1003
2253.9	984
2252.34	978
2250.77	984
2249.21	999
2247.64	1008
2246.07	1048
2244.51	967
2242.94	1008
2241.37	1034
2239.8	1036
2238.23	1000
2236.66	1024
2235.09	1016
2233.51	1027
2231.94	1068
2230.37	1036
2228.79	1052
2227.22	1062
2225.65	1042
2224.07	1058
2222.49	1054
2220.92	1068
2219.34	1063
2217.76	1063
2216.18	1087
2214.61	1067
2213.03	1078
2211.45	1116
2209.86	1096
2208.28	1080
2206.7	1090
2205.12	1135
2203.54	1064
2201.95	1074
2200.37	1128
2198.78	1143
2197.2	1140
2195.61	1152
2194.03	1155
2192.44	1130
2190.85	1174
2189.26	1154
2187.67	1148
2186.09	1146
2184.5	1157
2182.9	1165
2181.31	1179
2179.72	1180
2178.13	1161
2176.54	1183
2174.94	1179
2173.35	1182
2171.75	1242
2170.16	1187
2168.56	1220
2166.97	1232
2165.37	1219
2163.77	1231
2162.17	1206
2160.58	1228
2158.98	1256
2157.38	1274
2155.78	1254
2154.17	1225
2152.57	1226
2150.97	1260
2149.37	1239
2147.76	1245
2146.16	1301
2144.56	1265
2142.95	1288
2141.34	1276
2139.74	1275
2138.13	1299
2136.52	1277
2134.91	1272
2133.31	1302
2131.7	1294
2130.09	1300
2128.48	1307
2126.86	1306
2125.25	1315
2123.64	1295
2122.03	1288
2120.41	1322
2118.8	1309
2117.18	1352
2115.57	1298
2113.95	1314
2112.34	1347
2110.72	1357
2109.1	1338
2107.48	1313
2105.86	1337
2104.25	1350
2102.63	1319
2101	1381
2099.38	1327
2097.76	1361
2096.14	1351
2094.52	1344
2092.89	1365
2091.27	1388
2089.64	1327
2088.02	1348
2086.39	1366
2084.76	1385
2083.14	1382
2081.51	1408
2079.88	1340
2078.25	1399
2076.62	1391
2074.99	1387
2073.36	1392
2071.73	1430
2070.1	1404
2068.46	1432
2066.83	1406
2065.2	1404
2063.56	1421
2061.93	1422
2060.29	1438
2058.65	1447
2057.02	1420
2055.38	1427
2053.74	1455
2052.1	1449
2050.46	1378
2048.82	1422
2047.18	1410
2045.54	1402
2043.9	1441
2042.26	1433
2040.61	1423
2038.97	1447
2037.33	1403
2035.68	1417
2034.04	1411
2032.39	1404
2030.74	1412
2029.1	1396
2027.45	1453
2025.8	1440
2024.15	1422
2022.5	1418
2020.85	1394
2019.2	1441
2017.55	1400
2015.89	1421
2014.24	1409
2012.59	1393
2010.93	1379
2009.28	1432
2007.62	1443
2005.97	1399
2004.31	1405
2002.65	1442
2001	1486
1999.34	1430
1997.68	1436
1996.02	1467
1994.36	1453
1992.7	1463
1991.04	1445
1989.38	1480
1987.71	1434
1986.05	1447
1984.39	1462
1982.72	1471
1981.06	1486
1979.39	1423
1977.72	1448
1976.06	1501
1974.39	1518
1972.72	1481
1971.05	1482
1969.38	1492
1967.71	1509
1966.04	1509
1964.37	1529
1962.7	1499
1961.03	1514
1959.35	1521
1957.68	1511
1956	1531
1954.33	1522
1952.65	1529
1950.98	1509
1949.3	1510
1947.62	1494
1945.94	1509
1944.27	1517
1942.59	1521
1940.91	1523
1939.23	1559
1937.54	1509
1935.86	1549
1934.18	1567
1932.5	1562
1930.81	1552
1929.13	1519
1927.44	1577
1925.76	1554
1924.07	1555
1922.39	1584
1920.7	1552
1919.01	1549
1917.32	1531
1915.63	1574
1913.94	1570
1912.25	1568
1910.56	1599
1908.87	1576
1907.17	1599
1905.48	1583
1903.79	1590
1902.09	1618
1900.4	1600
1898.7	1590
1897.01	1592
1895.31	1623
1893.61	1605
1891.91	1648
1890.21	1635
1888.51	1654
1886.81	1640
1885.11	1669
1883.41	1646
1881.71	1674
1880.01	1687
1878.3	1706
1876.6	1695
1874.9	1711
1873.19	1737
1871.48	1754
1869.78	1703
1868.07	1736
1866.36	1690
1864.65	1769
1862.95	1771
1861.24	1792
1859.53	1794
1857.81	1811
1856.1	1771
1854.39	1796
1852.68	1828
1850.96	1807
1849.25	1836
1847.54	1862
1845.82	1868
1844.1	1850
1842.39	1842
1840.67	1876
1838.95	1877
1837.23	1892
1835.51	1891
1833.79	1957
1832.07	1944
1830.35	1909
1828.63	1968
1826.91	1974
1825.18	2015
1823.46	1986
1821.74	1983
1820.01	1976
1818.29	1991
1816.56	2018
1814.83	2087
1813.1	2076
1811.38	2128
1809.65	2102
1807.92	2107
1806.19	2110
1804.46	2152
1802.73	2140
1800.99	2119
1799.26	2186
1797.53	2191
1795.79	2184
1794.06	2200
1792.32	2198
1790.59	2249
1788.85	2210
1787.11	2226
1785.37	2302
1783.64	2305
1781.9	2331
1780.16	2305
1778.42	2309
1776.67	2367
1774.93	2379
1773.19	2394
1771.45	2441
1769.7	2375
1767.96	2450
1766.21	2470
1764.47	2503
1762.72	2501
1760.97	2570
1759.23	2535
1757.48	2563
1755.73	2582
1753.98	2565
1752.23	2633
1750.48	2678
1748.73	2672
1746.97	2715
1745.22	2803
1743.47	2773
1741.71	2767
1739.96	2812
1738.2	2848
1736.44	2878
1734.69	2923
1732.93	2930
1731.17	2948
1729.41	2984
1727.65	3031
1725.89	3052
1724.13	3127
1722.37	3172
1720.61	3148
1718.85	3174
1717.08	3196
1715.32	3230
1713.55	3258
1711.79	3288
1710.02	3357
1708.25	3350
1706.49	3433
1704.72	3445
1702.95	3488
1701.18	3515
1699.41	3557
1697.64	3645
1695.87	3639
1694.09	3698
1692.32	3758
1690.55	3791
1688.77	3781
1687	3828
1685.22	3895
1683.45	3951
1681.67	3972
1679.89	4013
1678.11	3996
1676.34	4090
1674.56	4056
1672.78	4224
1671	4211
1669.21	4192
1667.43	4217
1665.65	4328
1663.86	4286
1662.08	4310
1660.3	4340
1658.51	4457
1656.72	4400
1654.94	4431
1653.15	4451
1651.36	4544
1649.57	4483
1647.78	4622
1645.99	4468
1644.2	4566
1642.41	4588
1640.62	4542
1638.82	4619
1637.03	4630
1635.24	4585
1633.44	4620
1631.65	4581
1629.85	4612
1628.05	4573
1626.25	4539
1624.46	4602
1622.66	4571
1620.86	4552
1619.06	4543
1617.26	4558
1615.45	4559
1613.65	4558
1611.85	4508
1610.04	4520
1608.24	4449
1606.43	4456
1604.63	4509
1602.82	4454
1601.02	4478
1599.21	4489
1597.4	4458
1595.59	4395
1593.78	4395
1591.97	4403
1590.16	4381
1588.35	4317
1586.53	4366
1584.72	4322
1582.91	4314
1581.09	4299
1579.28	4229
1577.46	4269
1575.64	4319
1573.82	4257
1572.01	4230
1570.19	4275
1568.37	4199
1566.55	4248
1564.73	4185
1562.91	4163
1561.08	4166
1559.26	4204
1557.44	4200
1555.61	4157
1553.79	4102
1551.96	4105
1550.14	4114
1548.31	4150
1546.48	4061
1544.65	3987
1542.82	4059
1540.99	4033
1539.16	4007
1537.33	4075
1535.5	4048
1533.67	3992
1531.83	3971
1530	3992
1528.16	4010
1526.33	3990
1524.49	3954
1522.66	3964
1520.82	3938
1518.98	3925
1517.14	3907
1515.3	3875
1513.46	3858
1511.62	3865
1509.78	3915
1507.94	3864
1506.09	3876
1504.25	3881
1502.41	3869
1500.56	3876
1498.71	3836
1496.87	3864
1495.02	3869
1493.17	3859
1491.32	3848
1489.47	3860
1487.63	3806
1485.77	3793
1483.92	3850
1482.07	3762
1480.22	3816
1478.36	3919
1476.51	3871
1474.66	3857
1472.8	3903
1470.94	3898
1469.09	3896
1467.23	3942
1465.37	3889
1463.51	3942
1461.65	3897
1459.79	3924
1457.93	3953
1456.07	3973
1454.2	3893
1452.34	3911
1450.48	3908
1448.61	3861
1446.75	3857
1444.88	3865
1443.01	3918
1441.14	3868
1439.28	3885
1437.41	3829
1435.54	3873
1433.67	3817
1431.8	3776
1429.92	3813
1428.05	3801
1426.18	3841
1424.3	3803
1422.43	3774
1420.55	3811
1418.68	3757
1416.8	3727
1414.92	3768
1413.04	3753
1411.17	3802
1409.29	3773
1407.41	3740
1405.52	3686
1403.64	3709
1401.76	3711
1399.88	3717
1397.99	3696
1396.11	3767
1394.22	3717
1392.34	3728
1390.45	3705
1388.56	3656
1386.67	3692
1384.78	3677
1382.89	3650
1381	3683
1379.11	3750
1377.22	3706
1375.33	3689
1373.43	3703
1371.54	3656
1369.65	3685
1367.75	3705
1365.85	3701
1363.96	3732
1362.06	3740
1360.16	3727
1358.26	3671
1356.36	3729
1354.46	3832
1352.56	3740
1350.66	3808
1348.75	3790
1346.85	3749
1344.95	3780
1343.04	3756
1341.14	3818
1339.23	3867
1337.32	3839
1335.42	3860
1333.51	3770
1331.6	3813
1329.69	3846
1327.78	3828
1325.86	3814
1323.95	3857
1322.04	3901
1320.13	3913
1318.21	3938
1316.3	3963
1314.38	3977
1312.46	4007
1310.55	4015
1308.63	4005
1306.71	4050
1304.79	4081
1302.87	4084
1300.95	4138
1299.03	4087
1297.1	4171
1295.18	4183
1293.26	4170
1291.33	4237
1289.41	4210
1287.48	4290
1285.55	4278
1283.63	4343
1281.7	4407
1279.77	4341
1277.84	4419
1275.91	4439
1273.98	4378
1272.05	4408
1270.11	4429
1268.18	4444
1266.24	4448
1264.31	4461
1262.37	4478
1260.44	4437
1258.5	4432
1256.56	4386
1254.62	4431
1252.68	4409
1250.74	4481
1248.8	4378
1246.86	4333
1244.92	4240
1242.98	4255
1241.03	4273
1239.09	4241
1237.14	4219
1235.2	4156
1233.25	4136
1231.3	4035
1229.35	4019
1227.4	4010
1225.45	3954
1223.5	3864
1221.55	3808
1219.6	3798
1217.65	3769
1215.69	3669
1213.74	3640
1211.78	3570
1209.83	3573
1207.87	3511
1205.91	3537
1203.96	3424
1202	3493
1200.04	3389
1198.08	3412
1196.12	3353
1194.15	3416
1192.19	3317
1190.23	3237
1188.26	3244
1186.3	3251
1184.33	3222
1182.37	3257
1180.4	3171
1178.43	3150
1176.46	3180
1174.49	3205
1172.52	3137
1170.55	3218
1168.58	3131
1166.61	3136
1164.64	3139
1162.66	3179
1160.69	3141
1158.71	3146
1156.73	3092
1154.76	3152
1152.78	3136
1150.8	3073
1148.82	3117
1146.84	3140
1144.86	3204
1142.88	3142
1140.9	3131
1138.91	3145
1136.93	3168
1134.95	3120
1132.96	3137
1130.97	3062
1128.99	3131
1127	3154
1125.01	3138
1123.02	3129
1121.03	3073
1119.04	3084
1117.05	3113
1115.06	3133
1113.07	3075
1111.07	3101
1109.08	3110
1107.08	3081
1105.09	3113
1103.09	3076
1101.09	3113
1099.09	3071
1097.09	3075
1095.09	3057
1093.09	3082
1091.09	3079
1089.09	3068
1087.09	3058
1085.08	3047
1083.08	3051
1081.07	3024
1079.07	3014
1077.06	3059
1075.05	3006
1073.04	3028
1071.03	3008
1069.02	2979
1067.01	3008
1065	2999
1062.99	3066
1060.98	2960
1058.96	3030
1056.95	2988
1054.93	2962
1052.92	2911
1050.9	2952
1048.88	2885
1046.86	2944
1044.84	2973
1042.82	2864
1040.8	2944
1038.78	2887
1036.76	2838
1034.74	2849
1032.71	2812
1030.69	2770
1028.66	2826
1026.64	2827
1024.61	2789
1022.58	2728
1020.55	2743
1018.52	2777
1016.49	2748
1014.46	2769
1012.43	2750
1010.4	2734
1008.36	2725
1006.33	2672
1004.29	2751
1002.26	2707
1000.22	2749
998.184	2749
996.146	2712
994.108	2710
992.068	2746
990.028	2741
987.986	2735
985.944	2712
983.901	2811
981.858	2783
979.813	2763
977.768	2794
975.722	2788
973.675	2792
971.627	2816
969.579	2806
967.53	2759
965.48	2806
963.429	2908
961.377	2814
959.325	2865
957.273	2858
955.218	2841
953.163	2818
951.108	2843
949.051	2851
946.994	2855
944.936	2869
942.878	2821
940.818	2866
938.758	2878
936.697	2888
934.634	2855
932.572	2905
930.509	2883
928.444	2823
926.379	2922
924.313	2962
922.246	2899
920.179	2954
918.111	2910
916.041	2901
913.972	2959
911.901	2962
909.829	2991
907.757	2983
905.684	2953
903.61	2954
901.535	2977
899.46	2998
897.383	2982
895.306	3029
893.228	2987
891.149	3081
889.069	3053
886.989	3087
884.908	3063
882.826	3084
880.743	3079
878.659	3105
876.575	3096
874.49	3156
872.403	3172
870.317	3166
868.229	3205
866.141	3216
864.051	3290
861.961	3232
859.87	3259
857.779	3277
855.685	3306
853.592	3343
851.498	3368
849.403	3404
847.307	3381
845.211	3375
843.113	3320
841.015	3424
838.916	3394
836.816	3441
834.715	3472
832.613	3506
830.511	3468
828.408	3523
826.304	3509
824.199	3534
822.093	3585
819.987	3560
817.879	3560
815.771	3597
813.663	3591
811.553	3579
809.442	3602
807.331	3556
805.218	3573
803.105	3578
800.992	3578
798.877	3611
796.761	3592
794.645	3613
792.527	3665
790.41	3617
788.291	3660
786.171	3628
784.051	3689
781.929	3715
779.807	3675
777.684	3678
775.56	3790
773.436	3745
771.31	3750
769.184	3792
767.057	3811
764.929	3835
762.8	3831
760.67	3879
758.54	3882
756.409	3900
754.277	3942
752.143	3930
750.01	3994
747.875	3991
745.74	4006
743.603	4045
741.466	3965
739.328	4021
737.189	4032
735.049	3999
732.909	4083
730.768	4083
728.626	4081
726.483	4090
724.339	4092
722.194	4094
720.049	4098
717.903	4081
715.755	4115
713.607	4168
711.458	4033
709.308	4103
707.158	4125
705.007	4164
702.855	4134
700.701	4105
698.548	4172
696.393	4107
694.237	4090
692.081	4071
689.923	4093
687.765	4114
685.606	4170
683.446	4103
681.286	4114
679.124	4137
676.962	4095
674.798	4075
672.635	4136
670.469	4149
668.304	4157
666.137	4162
663.969	4204
661.801	4184
659.632	4121
657.462	4213
655.291	4253
653.119	4260
650.947	4292
648.773	4245
646.599	4331
644.424	4383
642.248	4374
640.071	4412
637.893	4369
635.714	4450
633.535	4496
631.354	4439
629.173	4484
626.992	4489
624.809	4525
622.625	4546
620.44	4510
618.255	4554
616.069	4629
613.882	4609
611.694	4615
609.505	4717
607.315	4653
605.124	4669
602.933	4581
600.741	4652
598.548	4663
596.354	4671
594.158	4647
591.963	4691
589.766	4682
587.569	4644
585.37	4736
583.171	4734
580.971	4710
578.769	4721
576.569	4758
574.365	4794
572.161	4771
569.957	4787
567.752	4787
565.545	4835
563.339	4917
561.13	4844
558.922	4936
556.712	4886
554.502	4904
552.291	4897
550.078	4926
547.865	4942
545.651	5007
543.436	5012
541.22	5029
539.004	5035
536.787	5115
534.568	5112
532.349	5190
530.128	5217
527.907	5236
525.686	5256
523.463	5290
521.239	5293
519.015	5301
516.789	5344
514.563	5398
512.335	5347
510.107	5435
507.879	5511
505.648	5444
503.418	5469
501.186	5500
498.954	5458
496.721	5514
494.486	5518
492.251	5499
490.015	5560
487.778	5559
485.541	5561
483.302	5577
481.063	5486
478.822	5600
476.581	5642
474.338	5559
472.096	5549
469.851	5645
467.607	5642
465.361	5663
463.114	5714
460.867	5675
458.618	5773
456.369	5779
454.119	5774
451.868	5831
449.616	5802
447.363	5823
445.11	5906
442.854	5889
440.599	5894
438.343	5949
436.085	5966
433.827	5997
431.568	5989
429.308	6113
427.047	6059
424.786	6161
422.522	6181
420.259	6211
417.994	6145
415.729	6210
413.463	6179
411.196	6217
408.927	6214
406.658	6261
404.389	6241
402.118	6318
399.846	6261
397.573	6237
395.3	6277
393.025	6279
390.75	6245
388.474	6335
386.196	6287
383.919	6327
381.64	6296
379.36	6319
377.08	6310
374.798	6356
372.515	6400
370.231	6288
367.947	6384
365.662	6351
363.376	6368
361.089	6456
358.801	6372
356.511	6446
354.222	6484
351.931	6448
349.639	6404
347.347	6520
345.053	6535
342.759	6598
340.463	6636
338.167	6594
335.871	6632
333.572	6622
331.273	6659
328.974	6672
326.673	6797
324.371	6816
322.068	6835
319.765	6966
317.46	7016
315.154	7123
312.849	7264
310.541	7224
308.233	7299
305.924	7454
303.614	7588
301.303	7652
298.992	7798
296.679	7980
294.365	8011
292.051	8250
289.734	8332
287.418	8549
285.101	8654
282.783	8930
280.463	8993
278.144	9288
275.822	9407
273.5	9639
271.178	9955
268.853	10111
266.529	10320
264.203	10628
261.876	10806
259.548	11152
257.22	11332
254.891	11686
252.561	12040
250.229	12255
247.897	12400
245.564	12880
243.23	13111
240.895	13516
238.559	13900
236.222	14230
233.884	14656
231.545	15058
229.206	15448
226.865	15790
224.524	16241
222.181	16678
219.838	17055
217.493	17432
215.148	18139
212.802	18595
210.455	18985
208.106	19504
205.758	20180
203.407	20756
201.056	21268
198.705	21679
196.351	22422
193.997	22852
191.643	23424
189.288	23856
186.931	24484
184.574	24941
182.214	25400
179.855	26130
177.495	26490
175.134	26826
172.771	27003
170.408	27490
168.044	28165
165.679	28713
163.312	29077
160.946	29136
158.578	29673
156.208	30183
153.838	30355
151.468	30649
149.097	30908
146.724	31115
144.349	31382
141.975	31932
139.599	32243
137.223	33034
134.846	33200
132.467	33661
130.088	34112
127.707	34586
125.326	35451
122.944	35618
120.56	36333
118.177	36764
115.791	37615
113.405	38658
111.018	39319
108.63	40213
106.241	41520
103.851	42542
101.46	44059
99.0686	45360
96.675	47303
94.2815	48928
91.8872	51063
89.4909	53116
87.0947	55500
84.6966	58064
82.2976	60516
79.8987	63990
77.4979	64524
75.0962	64524
72.6935	64524
70.29	64524
67.8855	64524
65.4801	64524
63.0739	64524
60.6667	64524
58.2586	64524
55.8495	64524
53.4386	64524
51.0278	64524
48.616	64524
46.2023	64524
43.7887	64524
41.3732	64524
38.9568	64524
36.5404	64524
34.1222	64524
31.703	64524
29.2829	64524
26.8618	64524
24.4399	64524
22.017	64524
19.5932	64524
17.1685	64524
14.7429	64524
12.3153	64524
9.88782	64524
7.4594	64524
5.02907	64524
2.5988	64524
0.166609	64524
-2.26552	64524
-4.69956	64524
-7.13454	64524
-9.57045	64524
-12.0063	64524
-14.4441	64524
-16.8828	64524
-19.3224	64524
-21.763	64524
-24.2045	64524
-26.6479	64524
-29.0913	64524
-31.5356	64524
-33.9808	64524
-36.428	64524
-38.8751	64524
-41.3241	64524
-43.7731	64524
-46.224	64524
-48.6749	64524
-51.1277	64524
-53.5814	64524
-56.0361	64524
-58.4907	64524
-60.9473	64524
-63.4048	64524
-65.8633	60365
-68.3227	53293
-70.783	46982
-73.2453	41558
-75.7075	37167
-78.1707	33365
-80.6348	29633
-83.1009	26529
-85.5669	23709
-88.0349	21312
-90.5028	19323
-92.9727	17413
-95.4425	15827
-97.9143	14325
-100.387	12886
-102.861	11520
-105.334	10343
-107.81	9356
-110.286	8643
-112.764	7883
-115.242	7346
-117.722	6744
-120.203	6050
-122.684	5442
-125.167	4824
-127.65	4435
-130.135	3990
-132.62	3687
-135.106	3431
-137.594	3286
-140.082	2960
-142.572	2713
-145.063	2426
-147.554	2140
-150.047	1995
-152.541	1866
-155.036	1715
-157.532	1639
-160.028	1514
-162.526	1378
-165.025	1367
-167.525	1260
-170.025	1222
-172.527	1187
-175.029	1093
-177.534	1084
-180.038	1012
-182.544	977
-185.051	932
-187.559	895
-190.068	920
-192.577	872
-195.089	855
-197.6	822
-200.113	796
-202.628	832
-205.143	758
-207.659	760
-210.176	743
-212.694	752
-215.213	736
-217.734	773
-220.255	724
-222.777	742
-225.3	744
-227.824	700
-230.349	673
-232.876	654
-235.403	643
-237.932	644
-240.461	624
-242.992	603
-245.523	601
-248.056	580
-250.589	592
-253.124	582
-255.66	580
-258.197	587
-260.734	556
-263.273	592
-265.813	563
-268.354	550
-270.896	528
-273.439	526
-275.982	532
-278.527	494
-281.074	529
-283.621	496
-286.169	483
-288.718	470
-291.269	483
-293.82	461
-296.372	438
-298.925	452
-301.48	417
-304.035	420
-306.592	411
-309.15	427
-311.708	400
-314.268	407
-316.828	414
-319.39	388
-321.953	376
-324.517	378
-327.082	380
-329.648	393
-332.215	402
-334.783	378
-337.352	351
-339.922	356
-342.493	357
-345.066	339
-347.639	343
-350.213	346
-352.789	340
-355.365	339
-357.943	340
-360.521	334
-363.101	335
-365.681	314
-368.263	296
-370.847	304
-373.431	317
-376.015	312
-378.601	307
-381.188	304
-383.777	292
-386.366	293
-388.956	300
-391.548	298
-394.14	302
-396.733	282
-399.328	291
-401.923	288
-404.521	259
-407.118	287
-409.717	263
-412.317	256
-414.918	274
-417.52	270
-420.123	272
-422.727	262
-425.332	270
-427.939	279
-430.546	263
-433.155	268
-435.764	251
-438.374	249
-440.986	272
-443.599	234
-446.213	240
-448.828	230
-451.444	271
-454.061	254
-456.68	253
-459.299	230
-461.919	249
-464.54	236
-467.163	227
-469.786	231
-472.411	209
-475.037	233
-477.663	228
-480.292	224
-482.92	212
-485.551	223
-488.182	225
-490.814	210
-493.447	212
-496.082	234
-498.717	224
-501.354	229
-503.992	217
-506.63	218
-509.27	201
-511.911	230
-514.553	235
-517.197	225
-519.841	231
-522.486	205
-525.133	201
-527.78	206
-530.429	209
-533.078	190
-535.729	207
-538.381	205
-541.034	221
-543.688	223
-546.343	209
-548.999	206
-551.657	207
-554.316	195
-556.975	214
-559.636	193
-562.297	207
-564.961	202
-567.625	192
-570.29	211
-572.956	205
-575.623	208
-578.292	209
-580.961	210
-583.632	204
-586.303	205
-588.976	200
-591.65	199
-594.326	201
-597.002	208
-599.679	207
-602.358	204
-605.037	212
-607.718	195
-610.399	208
-613.082	214
-615.767	228
-618.452	198
-621.138	228
-623.825	224
-626.514	209
-629.203	212
-631.893	227
-634.586	216
-637.278	226
-639.973	219
-642.667	216
-645.364	212
-648.061	222
-650.76	207
-653.46	220
-656.16	228
-658.862	212
-661.566	217
-664.269	232
-666.974	212
-669.681	228
-672.389	222
-675.097	223
-677.807	206
-680.518	242
-683.23	224
-685.943	207
-688.658	212
-691.373	211
-694.089	221
-696.807	214
-699.526	224
-702.245	224
-704.966	222
-707.689	217
-710.412	211
-713.136	204
-715.863	230
-718.589	235
-721.317	209
-724.046	224
-726.776	216
-729.508	213
-732.24	226
-734.974	227
-737.709	246
-740.444	224
-743.182	243
-745.919	205
-748.659	222
-751.399	219
-754.141	230
-756.883	234
-759.627	211
-762.372	221
-765.119	224
-767.866	237
-770.615	215
-773.365	206
-776.115	247
-778.867	204
-781.62	205
-784.375	210
-787.13	219
-789.886	224
-792.644	222
-795.402	231
-798.162	235
-800.924	222
-803.686	220
-806.449	227
-809.215	210
-811.98	236
-814.747	235
-817.516	224
-820.284	196
-823.054	239
-825.827	226
-828.599	214
-831.373	214
-834.149	230
-836.924	226
-839.702	215
-842.48	215
-845.26	237
-848.042	223
-850.823	221
-853.606	220
-856.391	232
-859.177	215
-861.963	220
-864.751	227
-867.54	204
-870.331	216
-873.122	224
-875.915	224
-878.709	214
-881.504	224
-884.3	208
-887.097	210
-889.895	226
-892.695	217
-895.496	228
-898.298	224
-901.101	205
-903.905	225
-906.711	211
-909.518	216
-912.325	222
-915.134	241
-917.945	207
-920.756	222
-923.569	232
-926.383	223
-929.198	239
-932.013	232
-934.831	227
-937.649	220
-940.47	218
-943.29	224
-946.113	240
-948.936	248
-951.761	226
-954.586	237
-957.413	234
-960.242	242
-963.07	240
-965.901	253
-968.733	235
-971.565	257
-974.399	235
-977.235	238
-980.072	235
-982.908	236
-985.747	253
-988.588	252
-991.429	249
-994.271	236
-997.115	256
-999.96	255
-1002.81	270
-1005.65	243
-1008.5	248
-1011.35	262
-1014.2	250
-1017.05	261
-1019.91	270
-1022.76	272
-1025.62	261
-1028.47	271
-1031.33	253
-1034.19	261
-1037.05	286
-1039.91	265
-1042.78	278
-1045.64	279
-1048.51	279
-1051.37	263
-1054.24	261
-1057.11	289
-1059.98	284
-1062.85	290
-1065.72	298
-1068.6	275
-1071.47	295
-1074.35	280
-1077.23	297
-1080.11	309
-1082.99	288
-1085.87	286
-1088.75	308
-1091.63	305
-1094.52	285
-1097.4	308
-1100.29	301
-1103.18	324
-1106.07	295
-1108.96	329
-1111.85	330
-1114.75	321
-1117.64	318
-1120.54	310
-1123.43	323
-1126.33	335
-1129.23	339
-1132.13	331
-1135.03	333
-1137.94	358
-1140.84	362
-1143.75	354
-1146.65	376
-1149.56	395
-1152.47	389
-1155.38	401
-1158.3	407
-1161.21	436
-1164.12	440
-1167.04	445
-1169.96	471
-1172.87	512
-1175.79	526
-1178.71	622
-1181.64	691
-1184.56	828
-1187.48	966
-1190.41	1065
-1193.33	1189
-1196.26	1344
-1199.19	1474
-1202.12	1637
-1205.06	1897
-1207.99	2067
-1210.92	2242
-1213.86	2353
-1216.8	2527
-1219.73	2665
-1222.67	2936
-1225.61	3209
-1228.55	3617
-1231.5	3874
-1234.44	4155
-1237.39	4420
-1240.33	4883
-1243.28	5801
-1246.23	7327
-1249.18	10134
-1252.14	12416
-1255.09	14198
-1258.04	15349
-1261	15166
-1263.96	14299
-1266.91	12688
-1269.87	12165
-1272.83	10741
-1275.8	9067
-1278.76	6896
-1281.72	4652
-1284.69	2847
-1287.66	1725
-1290.62	1242
-1293.59	1060
-1296.57	1030
-1299.54	830
-1302.51	685
-1305.49	625
-1308.46	614
-1311.44	591
-1314.42	585
-1317.4	553
-1320.38	529
-1323.36	543
-1326.34	530
-1329.33	501
-1332.32	485
-1335.3	471
-1338.29	470
-1341.28	459
-1344.27	441
-1347.27	457
-1350.26	484
-1353.26	497
-1356.25	450
-1359.25	427
-1362.25	447
-1365.25	440
-1368.25	433
-1371.25	387
-1374.26	368
-1377.26	374
-1380.27	356
-1383.28	303
-1386.29	302
-1389.3	294
-1392.31	247
