2745.96	363
2744.58	357
2743.19	382
2741.81	364
2740.42	385
2739.03	344
2737.64	367
2736.25	395
2734.86	370
2733.47	379
2732.08	352
2730.69	364
2729.3	376
2727.91	391
2726.51	346
2725.12	370
2723.73	366
2722.33	390
2720.94	378
2719.54	371
2718.15	373
2716.75	375
2715.35	391
2713.96	393
2712.56	376
2711.16	355
2709.76	392
2708.36	366
2706.96	379
2705.56	374
2704.16	402
2702.76	360
2701.36	387
2699.96	382
2698.56	391
2697.15	399
2695.75	394
2694.34	390
2692.94	409
2691.53	404
2690.13	388
2688.72	393
2687.31	395
2685.91	417
2684.5	408
2683.09	408
2681.68	411
2680.27	392
2678.86	401
2677.45	402
2676.04	416
2674.63	426
2673.22	416
2671.81	419
2670.39	401
2668.98	432
2667.57	415
2666.15	400
2664.74	400
2663.32	397
2661.91	418
2660.49	394
2659.07	406
2657.65	420
2656.24	391
2654.82	421
2653.4	401
2651.98	419
2650.56	402
2649.14	440
2647.72	429
2646.3	441
2644.87	416
2643.45	443
2642.03	438
2640.61	447
2639.18	423
2637.76	448
2636.33	436
2634.91	457
2633.48	448
2632.05	454
2630.62	458
2629.2	442
2627.77	447
2626.34	458
2624.91	453
2623.48	471
2622.05	445
2620.62	460
2619.19	455
2617.76	469
2616.32	442
2614.89	451
2613.46	476
2612.02	462
2610.59	463
2609.15	443
2607.72	452
2606.28	462
2604.85	463
2603.41	470
2601.97	468
2600.53	446
2599.09	471
2597.65	478
2596.22	461
2594.78	452
2593.33	459
2591.89	464
2590.45	447
2589.01	481
2587.57	460
2586.12	476
2584.68	494
2583.23	452
2581.79	521
2580.34	508
2578.9	508
2577.45	499
2576	514
2574.56	501
2573.11	524
2571.66	514
2570.21	478
2568.76	481
2567.31	517
2565.86	506
2564.41	527
2562.96	511
2561.51	501
2560.05	505
2558.6	507
2557.15	526
2555.69	504
2554.24	499
2552.78	499
2551.32	548
2549.87	537
2548.41	514
2546.95	536
2545.5	530
2544.04	546
2542.58	561
2541.12	519
2539.66	540
2538.2	539
2536.74	529
2535.27	551
2533.81	544
2532.35	542
2530.89	566
2529.42	547
2527.96	582
2526.49	524
2525.03	579
2523.56	561
2522.09	560
2520.63	537
2519.16	576
2517.69	562
2516.22	565
2514.75	576
2513.28	559
2511.81	552
2510.34	573
2508.87	569
2507.4	594
2505.93	582
2504.45	566
2502.98	551
2501.51	583
2500.03	591
2498.56	593
2497.08	579
2495.6	572
2494.13	586
2492.65	596
2491.17	583
2489.69	616
2488.22	602
2486.74	593
2485.26	594
2483.78	604
2482.29	624
2480.81	581
2479.33	589
2477.85	633
2476.36	626
2474.88	642
2473.4	635
2471.91	651
2470.43	613
2468.94	625
2467.45	629
2465.97	618
2464.48	628
2462.99	623
2461.5	651
2460.01	643
2458.52	619
2457.03	670
2455.54	650
2454.05	670
2452.56	646
2451.07	634
2449.57	677
2448.08	647
2446.59	645
2445.09	677
2443.6	671
2442.1	655
2440.6	646
2439.11	677
2437.61	671
2436.11	650
2434.61	682
2433.12	635
2431.62	673
2430.12	662
2428.62	681
2427.11	687
2425.61	672
2424.11	665
2422.61	689
2421.1	689
2419.6	700
2418.1	692
2416.59	683
2415.09	693
2413.58	699
2412.07	680
2410.57	716
2409.06	714
2407.55	735
2406.04	686
2404.53	708
2403.02	724
2401.51	723
2400	732
2398.49	735
2396.98	732
2395.46	710
2393.95	722
2392.44	722
2390.92	716
2389.41	710
2387.89	769
2386.38	721
2384.86	717
2383.34	714
2381.82	733
2380.31	723
2378.79	771
2377.27	777
2375.75	753
2374.23	759
2372.71	782
2371.19	754
2369.66	735
2368.14	777
2366.62	740
2365.09	747
2363.57	767
2362.04	778
2360.52	773
2358.99	782
2357.47	778
2355.94	764
2354.41	803
2352.88	777
2351.35	787
2349.83	795
2348.3	780
2346.77	774
2345.23	801
2343.7	796
2342.17	798
2340.64	792
2339.1	823
2337.57	811
2336.04	812
2334.5	803
2332.97	810
2331.43	804
2329.89	834
2328.36	858
2326.82	858
2325.28	849
2323.74	828
2322.2	845
2320.66	821
2319.12	863
2317.58	835
2316.04	852
2314.5	829
2312.95	853
2311.41	834
2309.87	872
2308.32	868
2306.78	865
2305.23	867
2303.68	881
2302.14	868
2300.59	884
2299.04	889
2297.49	884
2295.94	905
2294.39	888
2292.84	906
2291.29	927
2289.74	914
2288.19	891
2286.64	900
2285.09	903
2283.53	922
2281.98	945
2280.42	918
2278.87	934
2277.31	934
2275.76	913
2274.2	921
2272.64	947
2271.08	963
2269.52	941
2267.96	941
2266.4	951
2264.84	976
2263.28	948
2261.72	977
2260.16	933
2258.6	982
2257.03	990
2255.47	1002
2253.9	977
2252.34	995
2250.77	973
2249.21	1025
2247.64	989
2246.07	993
2244.51	1004
2242.94	995
2241.37	1003
2239.8	1011
2238.23	1049
2236.66	1058
2235.09	1044
2233.51	1022
2231.94	1056
2230.37	1021
2228.79	1037
2227.22	1066
2225.65	1033
2224.07	1034
2222.49	1059
2220.92	1059
2219.34	1075
2217.76	1073
2216.18	1083
2214.61	1116
2213.03	1074
2211.45	1072
2209.86	1125
2208.28	1082
2206.7	1098
2205.12	1131
2203.54	1098
2201.95	1121
2200.37	1123
2198.78	1143
2197.2	1114
2195.61	1129
2194.03	1159
2192.44	1130
2190.85	1144
2189.26	1159
2187.67	1169
2186.09	1194
2184.5	1185
2182.9	1170
2181.31	1148
2179.72	1199
2178.13	1171
2176.54	1183
2174.94	1197
2173.35	1172
2171.75	1182
2170.16	1206
2168.56	1200
2166.97	1251
2165.37	1232
2163.77	1245
2162.17	1231
2160.58	1226
2158.98	1268
2157.38	1228
2155.78	1273
2154.17	1236
2152.57	1283
2150.97	1230
2149.37	1274
2147.76	1259
2146.16	1266
2144.56	1294
2142.95	1261
2141.34	1287
2139.74	1270
2138.13	1335
2136.52	1293
2134.91	1295
2133.31	1300
2131.7	1281
2130.09	1318
2128.48	1329
2126.86	1292
2125.25	1290
2123.64	1333
2122.03	1307
2120.41	1279
2118.8	1312
2117.18	1287
2115.57	1299
2113.95	1330
2112.34	1340
2110.72	1312
2109.1	1368
2107.48	1322
2105.86	1337
2104.25	1300
2102.63	1318
2101	1358
2099.38	1337
2097.76	1355
2096.14	1360
2094.52	1333
2092.89	1361
2091.27	1401
2089.64	1352
2088.02	1364
2086.39	1347
2084.76	1381
2083.14	1369
2081.51	1372
2079.88	1384
2078.25	1346
2076.62	1383
2074.99	1375
2073.36	1418
2071.73	1386
2070.1	1401
2068.46	1424
2066.83	1372
2065.2	1383
2063.56	1425
2061.93	1421
2060.29	1414
2058.65	1400
2057.02	1414
2055.38	1433
2053.74	1469
2052.1	1421
2050.46	1462
2048.82	1421
2047.18	1453
2045.54	1427
2043.9	1441
2042.26	1399
2040.61	1427
2038.97	1387
2037.33	1380
2035.68	1429
2034.04	1426
2032.39	1410
2030.74	1418
2029.1	1394
2027.45	1413
2025.8	1393
2024.15	1473
2022.5	1417
2020.85	1435
2019.2	1407
2017.55	1453
2015.89	1407
2014.24	1451
2012.59	1424
2010.93	1424
2009.28	1397
2007.62	1468
2005.97	1458
2004.31	1436
2002.65	1442
2001	1459
1999.34	1470
1997.68	1441
1996.02	1486
1994.36	1443
1992.7	1436
1991.04	1471
1989.38	1439
1987.71	1447
1986.05	1464
1984.39	1458
1982.72	1482
1981.06	1448
1979.39	1432
1977.72	1468
1976.06	1449
1974.39	1467
1972.72	1490
1971.05	1480
1969.38	1498
1967.71	1481
1966.04	1494
1964.37	1485
1962.7	1518
1961.03	1479
1959.35	1521
1957.68	1493
1956	1501
1954.33	1513
1952.65	1488
1950.98	1491
1949.3	1503
1947.62	1481
1945.94	1493
1944.27	1512
1942.59	1522
1940.91	1546
1939.23	1501
1937.54	1539
1935.86	1534
1934.18	1545
1932.5	1561
1930.81	1527
1929.13	1546
1927.44	1523
1925.76	1551
1924.07	1505
1922.39	1580
1920.7	1555
1919.01	1554
1917.32	1540
1915.63	1573
1913.94	1566
1912.25	1562
1910.56	1585
1908.87	1558
1907.17	1551
1905.48	1567
1903.79	1599
1902.09	1629
1900.4	1597
1898.7	1620
1897.01	1624
1895.31	1662
1893.61	1633
1891.91	1627
1890.21	1618
1888.51	1652
1886.81	1643
1885.11	1687
1883.41	1696
1881.71	1679
1880.01	1700
1878.3	1694
1876.6	1728
1874.9	1714
1873.19	1740
1871.48	1740
1869.78	1733
1868.07	1746
1866.36	1697
1864.65	1738
1862.95	1790
1861.24	1739
1859.53	1813
1857.81	1739
1856.1	1797
1854.39	1807
1852.68	1808
1850.96	1853
1849.25	1864
1847.54	1841
1845.82	1876
1844.1	1832
1842.39	1863
1840.67	1890
1838.95	1891
1837.23	1886
1835.51	1874
1833.79	1936
1832.07	1935
1830.35	1954
1828.63	1913
1826.91	1947
1825.18	1968
1823.46	1982
1821.74	1999
1820.01	1989
1818.29	2034
1816.56	2046
1814.83	1983
1813.1	2068
1811.38	2071
1809.65	2061
1807.92	2073
1806.19	2084
1804.46	2118
1802.73	2114
1800.99	2135
1799.26	2125
1797.53	2136
1795.79	2207
1794.06	2161
1792.32	2240
1790.59	2201
1788.85	2248
1787.11	2254
1785.37	2247
1783.64	2276
1781.9	2313
1780.16	2328
1778.42	2321
1776.67	2386
1774.93	2350
1773.19	2373
1771.45	2446
1769.7	2397
1767.96	2447
1766.21	2467
1764.47	2459
1762.72	2471
1760.97	2523
1759.23	2482
1757.48	2568
1755.73	2588
1753.98	2644
1752.23	2590
1750.48	2629
1748.73	2690
1746.97	2734
1745.22	2764
1743.47	2775
1741.71	2815
1739.96	2793
1738.2	2815
1736.44	2854
1734.69	2892
1732.93	2952
1731.17	2935
1729.41	2982
1727.65	3017
1725.89	3022
1724.13	3076
1722.37	3064
1720.61	3085
1718.85	3187
1717.08	3239
1715.32	3230
1713.55	3246
1711.79	3293
1710.02	3294
1708.25	3376
1706.49	3413
1704.72	3433
1702.95	3457
1701.18	3481
1699.41	3536
1697.64	3565
1695.87	3661
1694.09	3663
1692.32	3693
1690.55	3730
1688.77	3769
1687	3845
1685.22	3862
1683.45	3877
1681.67	3995
1679.89	3867
1678.11	4007
1676.34	3939
1674.56	4073
1672.78	4110
1671	4124
1669.21	4150
1667.43	4120
1665.65	4231
1663.86	4277
1662.08	4276
1660.3	4345
1658.51	4388
1656.72	4316
1654.94	4387
1653.15	4380
1651.36	4459
1649.57	4498
1647.78	4504
1645.99	4492
1644.2	4468
1642.41	4518
1640.62	4525
1638.82	4602
1637.03	4604
1635.24	4570
1633.44	4541
1631.65	4627
1629.85	4531
1628.05	4622
1626.25	4619
1624.46	4527
1622.66	4620
1620.86	4522
1619.06	4517
1617.26	4500
1615.45	4490
1613.65	4520
1611.85	4447
1610.04	4485
1608.24	4480
1606.43	4495
1604.63	4470
1602.82	4414
1601.02	4449
1599.21	4390
1597.4	4390
1595.59	4331
1593.78	4379
1591.97	4283
1590.16	4317
1588.35	4275
1586.53	4304
1584.72	4328
1582.91	4282
1581.09	4253
1579.28	4254
1577.46	4244
1575.64	4124
1573.82	4277
1572.01	4203
1570.19	4215
1568.37	4132
1566.55	4180
1564.73	4191
1562.91	4174
1561.08	4130
1559.26	4176
1557.44	4160
1555.61	4094
1553.79	4077
1551.96	4125
1550.14	4106
1548.31	4060
1546.48	4039
1544.65	4045
1542.82	4053
1540.99	4053
1539.16	4014
1537.33	3998
1535.5	3961
1533.67	4011
1531.83	3943
1530	3995
1528.16	3901
1526.33	3939
1524.49	3932
1522.66	3942
1520.82	3930
1518.98	3875
1517.14	3918
1515.3	3896
1513.46	3889
1511.62	3837
1509.78	3812
1507.94	3833
1506.09	3834
1504.25	3859
1502.41	3857
1500.56	3830
1498.71	3763
1496.87	3823
1495.02	3888
1493.17	3857
1491.32	3813
1489.47	3858
1487.63	3834
1485.77	3820
1483.92	3835
1482.07	3855
1480.22	3865
1478.36	3827
1476.51	3844
1474.66	3818
1472.8	3798
1470.94	3891
1469.09	3864
1467.23	3856
1465.37	3883
1463.51	3915
1461.65	3944
1459.79	3920
1457.93	3872
1456.07	3922
1454.2	3862
1452.34	3846
1450.48	3882
1448.61	3866
1446.75	3831
1444.88	3881
1443.01	3837
1441.14	3845
1439.28	3857
1437.41	3848
1435.54	3799
1433.67	3795
1431.8	3809
1429.92	3819
1428.05	3734
1426.18	3726
1424.3	3712
1422.43	3775
1420.55	3704
1418.68	3739
1416.8	3755
1414.92	3706
1413.04	3734
1411.17	3718
1409.29	3752
1407.41	3712
1405.52	3701
1403.64	3691
1401.76	3739
1399.88	3670
1397.99	3664
1396.11	3721
1394.22	3686
1392.34	3658
1390.45	3709
1388.56	3656
1386.67	3693
1384.78	3707
1382.89	3699
1381	3681
1379.11	3730
1377.22	3687
1375.33	3740
1373.43	3674
1371.54	3673
1369.65	3653
1367.75	3742
1365.85	3742
1363.96	3663
1362.06	3747
1360.16	3751
1358.26	3715
1356.36	3779
1354.46	3826
1352.56	3816
1350.66	3806
1348.75	3784
1346.85	3726
1344.95	3775
1343.04	3766
1341.14	3791
1339.23	3804
1337.32	3781
1335.42	3816
1333.51	3805
1331.6	3776
1329.69	3830
1327.78	3873
1325.86	3880
1323.95	3903
1322.04	3834
1320.13	3873
1318.21	3909
1316.3	3884
1314.38	3928
1312.46	3977
1310.55	3955
1308.63	3989
1306.71	4014
1304.79	4062
1302.87	4065
1300.95	4138
1299.03	4145
1297.1	4135
1295.18	4123
1293.26	4235
1291.33	4209
1289.41	4261
1287.48	4278
1285.55	4276
1283.63	4264
1281.7	4341
1279.77	4403
1277.84	4305
1275.91	4454
1273.98	4370
1272.05	4385
1270.11	4376
1268.18	4419
1266.24	4437
1264.31	4459
1262.37	4381
1260.44	4396
1258.5	4376
1256.56	4439
1254.62	4458
1252.68	4377
1250.74	4366
1248.8	4386
1246.86	4302
1244.92	4281
1242.98	4253
1241.03	4217
1239.09	4207
1237.14	4175
1235.2	4133
1233.25	4063
1231.3	4017
1229.35	3988
1227.4	3918
1225.45	3889
1223.5	3856
1221.55	3767
1219.6	3834
1217.65	3717
1215.69	3707
1213.74	3670
1211.78	3602
1209.83	3617
1207.87	3477
1205.91	3480
1203.96	3487
1202	3375
1200.04	3367
1198.08	3347
1196.12	3310
1194.15	3298
1192.19	3200
1190.23	3216
1188.26	3246
1186.3	3201
1184.33	3209
1182.37	3220
1180.4	3192
1178.43	3209
1176.46	3183
1174.49	3205
1172.52	3188
1170.55	3108
1168.58	3095
1166.61	3194
1164.64	3131
1162.66	3126
1160.69	3174
1158.71	3166
1156.73	3091
1154.76	3080
1152.78	3141
1150.8	3113
1148.82	3163
1146.84	3170
1144.86	3124
1142.88	3173
1140.9	3137
1138.91	3154
1136.93	3137
1134.95	3140
1132.96	3087
1130.97	3161
1128.99	3121
1127	3171
1125.01	3146
1123.02	3094
1121.03	3079
1119.04	3105
1117.05	3136
1115.06	3109
1113.07	3121
1111.07	3074
1109.08	3127
1107.08	3150
1105.09	3115
1103.09	3091
1101.09	3069
1099.09	3114
1097.09	3115
1095.09	3018
1093.09	3096
1091.09	3053
1089.09	3093
1087.09	3092
1085.08	3061
1083.08	3016
1081.07	3027
1079.07	3083
1077.06	3008
1075.05	3099
1073.04	2966
1071.03	2986
1069.02	3016
1067.01	2974
1065	3042
1062.99	3003
1060.98	3065
1058.96	3000
1056.95	2959
1054.93	2965
1052.92	2988
1050.9	2939
1048.88	2946
1046.86	2982
1044.84	2943
1042.82	2960
1040.8	2936
1038.78	2905
1036.76	2871
1034.74	2842
1032.71	2880
1030.69	2820
1028.66	2797
1026.64	2794
1024.61	2811
1022.58	2740
1020.55	2740
1018.52	2763
1016.49	2707
1014.46	2726
1012.43	2752
1010.4	2712
1008.36	2728
1006.33	2696
1004.29	2659
1002.26	2702
1000.22	2732
998.184	2718
996.146	2738
994.108	2706
992.068	2699
990.028	2742
987.986	2741
985.944	2755
983.901	2723
981.858	2746
979.813	2771
977.768	2765
975.722	2738
973.675	2764
971.627	2783
969.579	2790
967.53	2807
965.48	2843
963.429	2810
961.377	2860
959.325	2775
957.273	2834
955.218	2792
953.163	2821
951.108	2832
949.051	2842
946.994	2825
944.936	2808
942.878	2835
940.818	2824
938.758	2833
936.697	2863
934.634	2852
932.572	2870
930.509	2912
928.444	2907
926.379	2846
924.313	2896
922.246	2919
920.179	2900
918.111	2896
916.041	2923
913.972	2964
911.901	2948
909.829	2984
907.757	3014
905.684	2994
903.61	2934
901.535	2948
899.46	2964
897.383	2961
895.306	3041
893.228	3077
891.149	2972
889.069	3032
886.989	2987
884.908	3047
882.826	3071
880.743	3052
878.659	3132
876.575	3104
874.49	3170
872.403	3144
870.317	3192
868.229	3244
866.141	3228
864.051	3251
861.961	3258
859.87	3274
857.779	3282
855.685	3306
853.592	3290
851.498	3339
849.403	3337
847.307	3393
845.211	3389
843.113	3409
841.015	3410
838.916	3439
836.816	3411
834.715	3447
832.613	3483
830.511	3471
828.408	3486
826.304	3528
824.199	3488
822.093	3502
819.987	3504
817.879	3535
815.771	3486
813.663	3574
811.553	3517
809.442	3532
807.331	3516
805.218	3585
803.105	3595
800.992	3555
798.877	3546
796.761	3616
794.645	3583
792.527	3670
790.41	3638
788.291	3673
786.171	3648
784.051	3664
781.929	3617
779.807	3619
777.684	3663
775.56	3700
773.436	3800
771.31	3763
769.184	3776
767.057	3790
764.929	3826
762.8	3850
760.67	3886
758.54	3868
756.409	3903
754.277	3847
752.143	3923
750.01	3923
747.875	3972
745.74	3964
743.603	3998
741.466	3986
739.328	3998
737.189	3986
735.049	4036
732.909	4047
730.768	4059
728.626	4117
726.483	4131
724.339	4124
722.194	4124
720.049	4090
717.903	4045
715.755	4074
713.607	4024
711.458	4050
709.308	4033
707.158	4049
705.007	4083
702.855	4040
700.701	4115
698.548	4035
696.393	4105
694.237	4062
692.081	4058
689.923	4068
687.765	4066
685.606	4061
683.446	3989
681.286	4069
679.124	4108
676.962	4159
674.798	4125
672.635	4141
670.469	4073
668.304	4158
666.137	4106
663.969	4127
661.801	4159
659.632	4193
657.462	4201
655.291	4265
653.119	4254
650.947	4232
648.773	4297
646.599	4325
644.424	4285
642.248	4361
640.071	4304
637.893	4383
635.714	4373
633.535	4439
631.354	4429
629.173	4514
626.992	4412
624.809	4473
622.625	4582
620.44	4463
618.255	4535
616.069	4602
613.882	4545
611.694	4535
609.505	4566
607.315	4606
605.124	4639
602.933	4605
600.741	4672
598.548	4619
596.354	4653
594.158	4656
591.963	4721
589.766	4654
587.569	4708
585.37	4667
583.171	4722
580.971	4739
578.769	4747
576.569	4780
574.365	4768
572.161	4727
569.957	4802
567.752	4788
565.545	4790
563.339	4892
561.13	4884
558.922	4875
556.712	4900
554.502	4879
552.291	4914
550.078	4916
547.865	4920
545.651	4968
543.436	4994
541.22	5067
539.004	5116
536.787	5114
534.568	5096
532.349	5187
530.128	5220
527.907	5194
525.686	5239
523.463	5316
521.239	5314
519.015	5284
516.789	5325
514.563	5462
512.335	5396
510.107	5397
507.879	5424
505.648	5451
503.418	5437
501.186	5472
498.954	5475
496.721	5486
494.486	5478
492.251	5475
490.015	5520
487.778	5544
485.541	5539
483.302	5487
481.063	5514
478.822	5534
476.581	5520
474.338	5520
472.096	5636
469.851	5651
467.607	5617
465.361	5656
463.114	5660
460.867	5680
458.618	5710
456.369	5779
454.119	5804
451.868	5780
449.616	5868
447.363	5799
445.11	5910
442.854	5948
440.599	5874
438.343	5990
436.085	5884
433.827	6015
431.568	6026
429.308	6069
427.047	6079
424.786	6166
422.522	6162
420.259	6115
417.994	6241
415.729	6204
413.463	6187
411.196	6225
408.927	6214
406.658	6179
404.389	6140
402.118	6210
399.846	6227
397.573	6195
395.3	6282
393.025	6280
390.75	6317
388.474	6192
386.196	6200
383.919	6289
381.64	6300
379.36	6325
377.08	6284
374.798	6276
372.515	6307
370.231	6308
367.947	6263
365.662	6350
363.376	6404
361.089	6432
358.801	6394
356.511	6356
354.222	6413
351.931	6468
349.639	6436
347.347	6419
345.053	6532
342.759	6555
340.463	6546
338.167	6530
335.871	6596
333.572	6648
331.273	6612
328.974	6633
326.673	6793
324.371	6860
322.068	6778
319.765	6964
317.46	6975
315.154	7149
312.849	7084
310.541	7223
308.233	7320
305.924	7336
303.614	7561
301.303	7610
298.992	7740
296.679	7974
294.365	7896
292.051	8167
289.734	8341
287.418	8414
285.101	8687
282.783	8838
280.463	9018
278.144	9121
275.822	9365
273.5	9620
271.178	9839
268.853	10077
266.529	10343
264.203	10463
261.876	10748
259.548	11056
257.22	11277
254.891	11580
252.561	11998
250.229	12022
247.897	12416
245.564	12619
243.23	12942
240.895	13251
238.559	13671
236.222	14038
233.884	14400
231.545	14823
229.206	15176
226.865	15654
224.524	16103
222.181	16554
219.838	16942
217.493	17564
215.148	18007
212.802	18412
210.455	18797
208.106	19263
205.758	19850
203.407	20296
201.056	20822
198.705	21479
196.351	21980
193.997	22621
191.643	23080
189.288	23607
186.931	24056
184.574	24460
182.214	25099
179.855	25736
177.495	26242
175.134	26558
172.771	26812
170.408	27198
168.044	27868
165.679	28251
163.312	28385
160.946	28790
158.578	29193
156.208	29572
153.838	29894
151.468	30221
149.097	30565
146.724	30937
144.349	31476
141.975	31935
139.599	32251
137.223	32339
134.846	32629
132.467	32920
130.088	33532
127.707	34364
125.326	34786
122.944	35385
120.56	35868
118.177	36768
115.791	37470
113.405	38559
111.018	39463
108.63	40478
106.241	41338
103.851	42341
101.46	43656
99.0686	45160
96.675	47093
94.2815	48855
91.8872	51017
89.4909	53382
87.0947	55686
84.6966	58219
82.2976	60858
79.8987	64103
77.4979	64524
75.0962	64524
72.6935	64524
70.29	64524
67.8855	64524
65.4801	64524
63.0739	64524
60.6667	64524
58.2586	64524
55.8495	64524
53.4386	64524
51.0278	64524
48.616	64524
46.2023	64524
43.7887	64524
41.3732	64524
38.9568	64524
36.5404	64524
34.1222	64524
31.703	64524
29.2829	64524
26.8618	64524
24.4399	64524
22.017	64524
19.5932	64524
17.1685	64524
14.7429	64524
12.3153	64524
9.88782	64524
7.4594	64524
5.02907	64524
2.5988	64524
0.166609	64524
-2.26552	64524
-4.69956	64524
-7.13454	64524
-9.57045	64524
-12.0063	64524
-14.4441	64524
-16.8828	64524
-19.3224	64524
-21.763	64524
-24.2045	64524
-26.6479	64524
-29.0913	64524
-31.5356	64524
-33.9808	64524
-36.428	64524
-38.8751	64524
-41.3241	64524
-43.7731	64524
-46.224	64524
-48.6749	64524
-51.1277	64524
-53.5814	64524
-56.0361	64524
-58.4907	64524
-60.9473	64524
-63.4048	64524
-65.8633	62195
-68.3227	54816
-70.783	48293
-73.2453	43047
-75.7075	38080
-78.1707	34152
-80.6348	30390
-83.1009	27265
-85.5669	24528
-88.0349	22132
-90.5028	19924
-92.9727	18021
-95.4425	16173
-97.9143	14522
-100.387	13080
-102.861	11812
-105.334	10681
-107.81	9731
-110.286	8873
-112.764	8204
-115.242	7592
-117.722	7071
-120.203	6422
-122.684	5693
-125.167	5146
-127.65	4656
-130.135	4156
-132.62	3829
-135.106	3557
-137.594	3281
-140.082	3072
-142.572	2794
-145.063	2561
-147.554	2305
-150.047	2077
-152.541	1906
-155.036	1769
-157.532	1697
-160.028	1583
-162.526	1467
-165.025	1377
-167.525	1305
-170.025	1243
-172.527	1202
-175.029	1126
-177.534	1129
-180.038	1057
-182.544	994
-185.051	941
-187.559	939
-190.068	913
-192.577	901
-195.089	881
-197.6	883
-200.113	856
-202.628	849
-205.143	795
-207.659	811
-210.176	816
-212.694	780
-215.213	741
-217.734	770
-220.255	760
-222.777	730
-225.3	736
-227.824	719
-230.349	719
-232.876	690
-235.403	695
-237.932	656
-240.461	656
-242.992	602
-245.523	619
-248.056	620
-250.589	622
-253.124	582
-255.66	609
-258.197	588
-260.734	576
-263.273	551
-265.813	565
-268.354	547
-270.896	570
-273.439	538
-275.982	556
-278.527	531
-281.074	502
-283.621	503
-286.169	501
-288.718	482
-291.269	488
-293.82	467
-296.372	462
-298.925	473
-301.48	423
-304.035	424
-306.592	452
-309.15	433
-311.708	401
-314.268	434
-316.828	438
-319.39	418
-321.953	389
-324.517	387
-327.082	393
-329.648	363
-332.215	387
-334.783	373
-337.352	396
-339.922	371
-342.493	370
-345.066	356
-347.639	343
-350.213	370
-352.789	340
-355.365	345
-357.943	348
-360.521	362
-363.101	329
-365.681	318
-368.263	309
-370.847	334
-373.431	335
-376.015	303
-378.601	307
-381.188	333
-383.777	319
-386.366	270
-388.956	336
-391.548	288
-394.14	303
-396.733	288
-399.328	295
-401.923	292
-404.521	284
-407.118	296
-409.717	276
-412.317	282
-414.918	306
-417.52	282
-420.123	264
-422.727	258
-425.332	263
-427.939	283
-430.546	277
-433.155	238
-435.764	245
-438.374	274
-440.986	260
-443.599	277
-446.213	249
-448.828	247
-451.444	237
-454.061	256
-456.68	247
-459.299	247
-461.919	256
-464.54	251
-467.163	244
-469.786	226
-472.411	234
-475.037	246
-477.663	250
-480.292	240
-482.92	257
-485.551	219
-488.182	239
-490.814	213
-493.447	234
-496.082	231
-498.717	242
-501.354	224
-503.992	227
-506.63	227
-509.27	220
-511.911	217
-514.553	232
-517.197	226
-519.841	216
-522.486	204
-525.133	235
-527.78	222
-530.429	233
-533.078	218
-535.729	220
-538.381	210
-541.034	227
-543.688	213
-546.343	199
-548.999	216
-551.657	217
-554.316	212
-556.975	223
-559.636	202
-562.297	228
-564.961	213
-567.625	200
-570.29	218
-572.956	227
-575.623	194
-578.292	217
-580.961	208
-583.632	201
-586.303	210
-588.976	209
-591.65	209
-594.326	210
-597.002	223
-599.679	209
-602.358	213
-605.037	213
-607.718	223
-610.399	212
-613.082	203
-615.767	239
-618.452	223
-621.138	240
-623.825	230
-626.514	222
-629.203	210
-631.893	222
-634.586	210
-637.278	223
-639.973	219
-642.667	219
-645.364	231
-648.061	221
-650.76	216
-653.46	212
-656.16	218
-658.862	220
-661.566	215
-664.269	206
-666.974	226
-669.681	213
-672.389	214
-675.097	236
-677.807	227
-680.518	215
-683.23	221
-685.943	217
-688.658	218
-691.373	224
-694.089	228
-696.807	225
-699.526	213
-702.245	229
-704.966	228
-707.689	234
-710.412	215
-713.136	227
-715.863	223
-718.589	228
-721.317	231
-724.046	236
-726.776	218
-729.508	234
-732.24	228
-734.974	226
-737.709	234
-740.444	229
-743.182	245
-745.919	246
-748.659	237
-751.399	233
-754.141	233
-756.883	223
-759.627	229
-762.372	221
-765.119	221
-767.866	231
-770.615	234
-773.365	243
-776.115	225
-778.867	235
-781.62	232
-784.375	235
-787.13	230
-789.886	249
-792.644	212
-795.402	224
-798.162	228
-800.924	237
-803.686	235
-806.449	236
-809.215	232
-811.98	236
-814.747	227
-817.516	222
-820.284	224
-823.054	224
-825.827	242
-828.599	234
-831.373	219
-834.149	226
-836.924	222
-839.702	217
-842.48	215
-845.26	218
-848.042	225
-850.823	217
-853.606	243
-856.391	214
-859.177	217
-861.963	229
-864.751	223
-867.54	220
-870.331	221
-873.122	215
-875.915	231
-878.709	234
-881.504	224
-884.3	219
-887.097	232
-889.895	226
-892.695	215
-895.496	216
-898.298	232
-901.101	226
-903.905	197
-906.711	212
-909.518	228
-912.325	214
-915.134	209
-917.945	231
-920.756	240
-923.569	242
-926.383	229
-929.198	221
-932.013	240
-934.831	216
-937.649	239
-940.47	211
-943.29	219
-946.113	236
-948.936	238
-951.761	222
-954.586	220
-957.413	228
-960.242	254
-963.07	237
-965.901	249
-968.733	244
-971.565	234
-974.399	239
-977.235	249
-980.072	263
-982.908	254
-985.747	263
-988.588	246
-991.429	241
-994.271	254
-997.115	257
-999.96	238
-1002.81	259
-1005.65	271
-1008.5	239
-1011.35	261
-1014.2	261
-1017.05	236
-1019.91	270
-1022.76	296
-1025.62	273
-1028.47	269
-1031.33	254
-1034.19	259
-1037.05	250
-1039.91	277
-1042.78	265
-1045.64	261
-1048.51	258
-1051.37	265
-1054.24	275
-1057.11	265
-1059.98	287
-1062.85	255
-1065.72	273
-1068.6	298
-1071.47	281
-1074.35	306
-1077.23	298
-1080.11	291
-1082.99	291
-1085.87	313
-1088.75	305
-1091.63	291
-1094.52	290
-1097.4	306
-1100.29	279
-1103.18	311
-1106.07	290
-1108.96	295
-1111.85	327
-1114.75	296
-1117.64	318
-1120.54	335
-1123.43	302
-1126.33	320
-1129.23	320
-1132.13	333
-1135.03	326
-1137.94	347
-1140.84	344
-1143.75	362
-1146.65	373
-1149.56	335
-1152.47	394
-1155.38	384
-1158.3	387
-1161.21	431
-1164.12	448
-1167.04	445
-1169.96	464
-1172.87	520
-1175.79	548
-1178.71	602
-1181.64	713
-1184.56	852
-1187.48	982
-1190.41	1098
-1193.33	1203
-1196.26	1335
-1199.19	1454
-1202.12	1611
-1205.06	1777
-1207.99	2096
-1210.92	2346
-1213.86	2495
-1216.8	2760
-1219.73	2993
-1222.67	3112
-1225.61	3353
-1228.55	3508
-1231.5	3794
-1234.44	4199
-1237.39	4612
-1240.33	5145
-1243.28	5774
-1246.23	7529
-1249.18	10480
-1252.14	12824
-1255.09	14299
-1258.04	14743
-1261	15077
-1263.96	15080
-1266.91	14328
-1269.87	13290
-1272.83	11450
-1275.8	9585
-1278.76	7390
-1281.72	5132
-1284.69	3131
-1287.66	1879
-1290.62	1313
-1293.59	1129
-1296.57	1058
-1299.54	874
-1302.51	752
-1305.49	679
-1308.46	681
-1311.44	609
-1314.42	593
-1317.4	558
-1320.38	590
-1323.36	559
-1326.34	565
-1329.33	555
-1332.32	555
-1335.3	543
-1338.29	554
-1341.28	509
-1344.27	496
-1347.27	478
-1350.26	486
-1353.26	473
-1356.25	473
-1359.25	466
-1362.25	457
-1365.25	443
-1368.25	445
-1371.25	397
-1374.26	395
-1377.26	369
-1380.27	354
-1383.28	331
-1386.29	315
-1389.3	274
-1392.31	247
