2745.96	321
2744.58	330
2743.19	345
2741.81	306
2740.42	333
2739.03	319
2737.64	335
2736.25	323
2734.86	333
2733.47	347
2732.08	328
2730.69	358
2729.3	354
2727.91	333
2726.51	342
2725.12	352
2723.73	351
2722.33	353
2720.94	363
2719.54	337
2718.15	358
2716.75	346
2715.35	351
2713.96	322
2712.56	331
2711.16	347
2709.76	343
2708.36	366
2706.96	341
2705.56	362
2704.16	338
2702.76	376
2701.36	355
2699.96	347
2698.56	361
2697.15	333
2695.75	380
2694.34	374
2692.94	382
2691.53	379
2690.13	375
2688.72	374
2687.31	351
2685.91	381
2684.5	370
2683.09	380
2681.68	409
2680.27	380
2678.86	385
2677.45	377
2676.04	382
2674.63	389
2673.22	388
2671.81	385
2670.39	381
2668.98	381
2667.57	357
2666.15	370
2664.74	399
2663.32	391
2661.91	391
2660.49	391
2659.07	369
2657.65	424
2656.24	404
2654.82	418
2653.4	392
2651.98	403
2650.56	408
2649.14	410
2647.72	397
2646.3	412
2644.87	398
2643.45	388
2642.03	417
2640.61	403
2639.18	428
2637.76	425
2636.33	420
2634.91	431
2633.48	422
2632.05	434
2630.62	425
2629.2	424
2627.77	430
2626.34	435
2624.91	431
2623.48	411
2622.05	420
2620.62	435
2619.19	434
2617.76	438
2616.32	430
2614.89	432
2613.46	452
2612.02	425
2610.59	441
2609.15	429
2607.72	432
2606.28	424
2604.85	439
2603.41	459
2601.97	443
2600.53	434
2599.09	450
2597.65	434
2596.22	432
2594.78	454
2593.33	451
2591.89	449
2590.45	439
2589.01	472
2587.57	453
2586.12	426
2584.68	465
2583.23	450
2581.79	454
2580.34	483
2578.9	461
2577.45	473
2576	477
2574.56	481
2573.11	466
2571.66	495
2570.21	483
2568.76	469
2567.31	513
2565.86	477
2564.41	494
2562.96	484
2561.51	449
2560.05	497
2558.6	505
2557.15	491
2555.69	492
2554.24	501
2552.78	513
2551.32	503
2549.87	500
2548.41	510
2546.95	503
2545.5	503
2544.04	498
2542.58	488
2541.12	499
2539.66	514
2538.2	542
2536.74	499
2535.27	506
2533.81	506
2532.35	519
2530.89	501
2529.42	524
2527.96	539
2526.49	529
2525.03	534
2523.56	525
2522.09	540
2520.63	542
2519.16	527
2517.69	521
2516.22	515
2514.75	544
2513.28	539
2511.81	552
2510.34	531
2508.87	528
2507.4	556
2505.93	554
2504.45	544
2502.98	528
2501.51	536
2500.03	548
2498.56	563
2497.08	546
2495.6	548
2494.13	532
2492.65	558
2491.17	574
2489.69	549
2488.22	560
2486.74	550
2485.26	569
2483.78	553
2482.29	587
2480.81	594
2479.33	563
2477.85	591
2476.36	575
2474.88	576
2473.4	589
2471.91	584
2470.43	592
2468.94	578
2467.45	600
2465.97	599
2464.48	578
2462.99	596
2461.5	599
2460.01	604
2458.52	626
2457.03	613
2455.54	594
2454.05	624
2452.56	620
2451.07	625
2449.57	621
2448.08	607
2446.59	618
2445.09	640
2443.6	609
2442.1	607
2440.6	642
2439.11	607
2437.61	624
2436.11	611
2434.61	632
2433.12	615
2431.62	608
2430.12	636
2428.62	624
2427.11	654
2425.61	650
2424.11	642
2422.61	622
2421.1	642
2419.6	637
2418.1	631
2416.59	629
2415.09	639
2413.58	679
2412.07	653
2410.57	650
2409.06	673
2407.55	686
2406.04	654
2404.53	651
2403.02	657
2401.51	675
2400	663
2398.49	683
2396.98	676
2395.46	707
2393.95	658
2392.44	674
2390.92	674
2389.41	688
2387.89	668
2386.38	695
2384.86	681
2383.34	687
2381.82	678
2380.31	700
2378.79	664
2377.27	721
2375.75	714
2374.23	727
2372.71	724
2371.19	710
2369.66	727
2368.14	713
2366.62	700
2365.09	694
2363.57	707
2362.04	732
2360.52	729
2358.99	738
2357.47	701
2355.94	726
2354.41	742
2352.88	729
2351.35	741
2349.83	731
2348.3	713
2346.77	697
2345.23	707
2343.7	739
2342.17	726
2340.64	739
2339.1	757
2337.57	752
2336.04	772
2334.5	749
2332.97	766
2331.43	753
2329.89	770
2328.36	756
2326.82	787
2325.28	781
2323.74	745
2322.2	767
2320.66	748
2319.12	760
2317.58	763
2316.04	793
2314.5	780
2312.95	792
2311.41	788
2309.87	758
2308.32	795
2306.78	780
2305.23	770
2303.68	814
2302.14	811
2300.59	812
2299.04	834
2297.49	813
2295.94	811
2294.39	826
2292.84	802
2291.29	791
2289.74	793
2288.19	804
2286.64	809
2285.09	817
2283.53	840
2281.98	793
2280.42	836
2278.87	835
2277.31	829
2275.76	830
2274.2	815
2272.64	828
2271.08	868
2269.52	853
2267.96	871
2266.4	846
2264.84	844
2263.28	890
2261.72	855
2260.16	836
2258.6	863
2257.03	876
2255.47	847
2253.9	906
2252.34	858
2250.77	896
2249.21	868
2247.64	848
2246.07	897
2244.51	887
2242.94	884
2241.37	878
2239.8	880
2238.23	905
2236.66	898
2235.09	886
2233.51	919
2231.94	898
2230.37	893
2228.79	925
2227.22	909
2225.65	900
2224.07	905
2222.49	927
2220.92	915
2219.34	945
2217.76	946
2216.18	947
2214.61	950
2213.03	962
2211.45	969
2209.86	915
2208.28	964
2206.7	967
2205.12	931
2203.54	953
2201.95	924
2200.37	934
2198.78	962
2197.2	988
2195.61	955
2194.03	1002
2192.44	1007
2190.85	989
2189.26	968
2187.67	958
2186.09	987
2184.5	1004
2182.9	997
2181.31	980
2179.72	1015
2178.13	976
2176.54	986
2174.94	1021
2173.35	998
2171.75	1022
2170.16	1000
2168.56	1001
2166.97	1043
2165.37	1017
2163.77	1039
2162.17	1052
2160.58	1041
2158.98	1060
2157.38	999
2155.78	1042
2154.17	1030
2152.57	1025
2150.97	1074
2149.37	1024
2147.76	1055
2146.16	1055
2144.56	1051
2142.95	1049
2141.34	1046
2139.74	1062
2138.13	1086
2136.52	1092
2134.91	1049
2133.31	1083
2131.7	1069
2130.09	1109
2128.48	1110
2126.86	1087
2125.25	1092
2123.64	1079
2122.03	1075
2120.41	1059
2118.8	1098
2117.18	1094
2115.57	1084
2113.95	1114
2112.34	1094
2110.72	1109
2109.1	1099
2107.48	1114
2105.86	1097
2104.25	1097
2102.63	1115
2101	1142
2099.38	1111
2097.76	1129
2096.14	1085
2094.52	1096
2092.89	1149
2091.27	1126
2089.64	1117
2088.02	1177
2086.39	1104
2084.76	1151
2083.14	1129
2081.51	1153
2079.88	1147
2078.25	1160
2076.62	1140
2074.99	1129
2073.36	1137
2071.73	1156
2070.1	1176
2068.46	1170
2066.83	1185
2065.2	1171
2063.56	1150
2061.93	1178
2060.29	1211
2058.65	1171
2057.02	1196
2055.38	1175
2053.74	1197
2052.1	1176
2050.46	1182
2048.82	1198
2047.18	1180
2045.54	1201
2043.9	1140
2042.26	1181
2040.61	1193
2038.97	1214
2037.33	1205
2035.68	1192
2034.04	1189
2032.39	1195
2030.74	1229
2029.1	1223
2027.45	1184
2025.8	1187
2024.15	1196
2022.5	1233
2020.85	1230
2019.2	1208
2017.55	1210
2015.89	1196
2014.24	1213
2012.59	1211
2010.93	1216
2009.28	1199
2007.62	1214
2005.97	1241
2004.31	1232
2002.65	1258
2001	1228
1999.34	1221
1997.68	1251
1996.02	1242
1994.36	1257
1992.7	1266
1991.04	1247
1989.38	1290
1987.71	1267
1986.05	1277
1984.39	1265
1982.72	1256
1981.06	1243
1979.39	1262
1977.72	1289
1976.06	1337
1974.39	1268
1972.72	1262
1971.05	1297
1969.38	1285
1967.71	1319
1966.04	1284
1964.37	1321
1962.7	1333
1961.03	1341
1959.35	1326
1957.68	1348
1956	1345
1954.33	1345
1952.65	1315
1950.98	1341
1949.3	1338
1947.62	1323
1945.94	1339
1944.27	1310
1942.59	1331
1940.91	1365
1939.23	1334
1937.54	1354
1935.86	1379
1934.18	1372
1932.5	1361
1930.81	1385
1929.13	1381
1927.44	1352
1925.76	1402
1924.07	1377
1922.39	1383
1920.7	1389
1919.01	1400
1917.32	1415
1915.63	1399
1913.94	1376
1912.25	1391
1910.56	1404
1908.87	1450
1907.17	1404
1905.48	1424
1903.79	1434
1902.09	1372
1900.4	1421
1898.7	1394
1897.01	1446
1895.31	1455
1893.61	1438
1891.91	1469
1890.21	1465
1888.51	1503
1886.81	1480
1885.11	1491
1883.41	1483
1881.71	1549
1880.01	1496
1878.3	1550
1876.6	1556
1874.9	1528
1873.19	1559
1871.48	1554
1869.78	1563
1868.07	1552
1866.36	1564
1864.65	1604
1862.95	1569
1861.24	1604
1859.53	1598
1857.81	1582
1856.1	1620
1854.39	1663
1852.68	1650
1850.96	1613
1849.25	1665
1847.54	1686
1845.82	1684
1844.1	1701
1842.39	1715
1840.67	1697
1838.95	1701
1837.23	1740
1835.51	1765
1833.79	1730
1832.07	1775
1830.35	1791
1828.63	1786
1826.91	1799
1825.18	1789
1823.46	1836
1821.74	1822
1820.01	1827
1818.29	1844
1816.56	1837
1814.83	1904
1813.1	1905
1811.38	1878
1809.65	1864
1807.92	1945
1806.19	1928
1804.46	1925
1802.73	1901
1800.99	2000
1799.26	1975
1797.53	1948
1795.79	1987
1794.06	2047
1792.32	1970
1790.59	2048
1788.85	2088
1787.11	2042
1785.37	2050
1783.64	2113
1781.9	2110
1780.16	2116
1778.42	2123
1776.67	2103
1774.93	2145
1773.19	2179
1771.45	2212
1769.7	2248
1767.96	2222
1766.21	2221
1764.47	2248
1762.72	2240
1760.97	2282
1759.23	2265
1757.48	2323
1755.73	2340
1753.98	2386
1752.23	2391
1750.48	2371
1748.73	2400
1746.97	2442
1745.22	2465
1743.47	2532
1741.71	2538
1739.96	2474
1738.2	2537
1736.44	2533
1734.69	2576
1732.93	2607
1731.17	2597
1729.41	2637
1727.65	2725
1725.89	2736
1724.13	2730
1722.37	2675
1720.61	2781
1718.85	2799
1717.08	2806
1715.32	2787
1713.55	2828
1711.79	2819
1710.02	2878
1708.25	2909
1706.49	2918
1704.72	2948
1702.95	2972
1701.18	3015
1699.41	3013
1697.64	3079
1695.87	3058
1694.09	3114
1692.32	3100
1690.55	3173
1688.77	3166
1687	3229
1685.22	3211
1683.45	3230
1681.67	3253
1679.89	3265
1678.11	3313
1676.34	3318
1674.56	3375
1672.78	3337
1671	3401
1669.21	3397
1667.43	3393
1665.65	3474
1663.86	3485
1662.08	3469
1660.3	3517
1658.51	3491
1656.72	3561
1654.94	3507
1653.15	3627
1651.36	3583
1649.57	3624
1647.78	3629
1645.99	3642
1644.2	3644
1642.41	3600
1640.62	3666
1638.82	3699
1637.03	3667
1635.24	3646
1633.44	3644
1631.65	3687
1629.85	3686
1628.05	3688
1626.25	3687
1624.46	3656
1622.66	3676
1620.86	3679
1619.06	3682
1617.26	3748
1615.45	3710
1613.65	3680
1611.85	3702
1610.04	3679
1608.24	3742
1606.43	3749
1604.63	3668
1602.82	3777
1601.02	3672
1599.21	3755
1597.4	3743
1595.59	3716
1593.78	3699
1591.97	3712
1590.16	3660
1588.35	3680
1586.53	3688
1584.72	3718
1582.91	3676
1581.09	3684
1579.28	3690
1577.46	3632
1575.64	3673
1573.82	3650
1572.01	3694
1570.19	3725
1568.37	3714
1566.55	3643
1564.73	3659
1562.91	3743
1561.08	3665
1559.26	3695
1557.44	3710
1555.61	3604
1553.79	3700
1551.96	3611
1550.14	3644
1548.31	3603
1546.48	3644
1544.65	3618
1542.82	3608
1540.99	3648
1539.16	3636
1537.33	3560
1535.5	3617
1533.67	3544
1531.83	3514
1530	3556
1528.16	3568
1526.33	3573
1524.49	3574
1522.66	3569
1520.82	3574
1518.98	3504
1517.14	3549
1515.3	3509
1513.46	3491
1511.62	3485
1509.78	3516
1507.94	3519
1506.09	3515
1504.25	3490
1502.41	3495
1500.56	3520
1498.71	3498
1496.87	3524
1495.02	3493
1493.17	3488
1491.32	3450
1489.47	3513
1487.63	3424
1485.77	3487
1483.92	3442
1482.07	3501
1480.22	3483
1478.36	3442
1476.51	3440
1474.66	3539
1472.8	3507
1470.94	3504
1469.09	3517
1467.23	3548
1465.37	3510
1463.51	3498
1461.65	3488
1459.79	3551
1457.93	3512
1456.07	3615
1454.2	3473
1452.34	3482
1450.48	3522
1448.61	3424
1446.75	3528
1444.88	3513
1443.01	3511
1441.14	3461
1439.28	3456
1437.41	3512
1435.54	3481
1433.67	3444
1431.8	3425
1429.92	3408
1428.05	3414
1426.18	3447
1424.3	3446
1422.43	3407
1420.55	3424
1418.68	3369
1416.8	3354
1414.92	3427
1413.04	3438
1411.17	3362
1409.29	3421
1407.41	3381
1405.52	3342
1403.64	3395
1401.76	3303
1399.88	3317
1397.99	3373
1396.11	3367
1394.22	3408
1392.34	3316
1390.45	3329
1388.56	3353
1386.67	3358
1384.78	3330
1382.89	3358
1381	3317
1379.11	3379
1377.22	3323
1375.33	3357
1373.43	3331
1371.54	3299
1369.65	3284
1367.75	3338
1365.85	3351
1363.96	3404
1362.06	3330
1360.16	3358
1358.26	3359
1356.36	3366
1354.46	3380
1352.56	3385
1350.66	3477
1348.75	3398
1346.85	3405
1344.95	3410
1343.04	3391
1341.14	3411
1339.23	3371
1337.32	3429
1335.42	3369
1333.51	3448
1331.6	3460
1329.69	3420
1327.78	3453
1325.86	3449
1323.95	3496
1322.04	3480
1320.13	3512
1318.21	3545
1316.3	3543
1314.38	3588
1312.46	3550
1310.55	3650
1308.63	3691
1306.71	3614
1304.79	3680
1302.87	3675
1300.95	3721
1299.03	3722
1297.1	3753
1295.18	3790
1293.26	3850
1291.33	3939
1289.41	3925
1287.48	3905
1285.55	3985
1283.63	3961
1281.7	3972
1279.77	3985
1277.84	4065
1275.91	4037
1273.98	4079
1272.05	4052
1270.11	4083
1268.18	4001
1266.24	4091
1264.31	4124
1262.37	4098
1260.44	4072
1258.5	4039
1256.56	4086
1254.62	4034
1252.68	4003
1250.74	4052
1248.8	3962
1246.86	3955
1244.92	3915
1242.98	3886
1241.03	3900
1239.09	3833
1237.14	3796
1235.2	3792
1233.25	3733
1231.3	3702
1229.35	3669
1227.4	3586
1225.45	3542
1223.5	3443
1221.55	3435
1219.6	3343
1217.65	3343
1215.69	3279
1213.74	3228
1211.78	3178
1209.83	3196
1207.87	3158
1205.91	3060
1203.96	3040
1202	3043
1200.04	2980
1198.08	2955
1196.12	2922
1194.15	2862
1192.19	2828
1190.23	2796
1188.26	2826
1186.3	2849
1184.33	2799
1182.37	2820
1180.4	2790
1178.43	2709
1176.46	2709
1174.49	2708
1172.52	2708
1170.55	2667
1168.58	2661
1166.61	2727
1164.64	2662
1162.66	2698
1160.69	2692
1158.71	2729
1156.73	2652
1154.76	2683
1152.78	2693
1150.8	2666
1148.82	2695
1146.84	2662
1144.86	2664
1142.88	2677
1140.9	2671
1138.91	2662
1136.93	2683
1134.95	2658
1132.96	2637
1130.97	2598
1128.99	2629
1127	2658
1125.01	2669
1123.02	2683
1121.03	2661
1119.04	2647
1117.05	2687
1115.06	2723
1113.07	2714
1111.07	2627
1109.08	2604
1107.08	2582
1105.09	2608
1103.09	2611
1101.09	2598
1099.09	2614
1097.09	2605
1095.09	2550
1093.09	2566
1091.09	2609
1089.09	2579
1087.09	2513
1085.08	2535
1083.08	2563
1081.07	2547
1079.07	2514
1077.06	2515
1075.05	2510
1073.04	2536
1071.03	2494
1069.02	2525
1067.01	2484
1065	2471
1062.99	2488
1060.98	2491
1058.96	2531
1056.95	2484
1054.93	2442
1052.92	2402
1050.9	2404
1048.88	2384
1046.86	2384
1044.84	2377
1042.82	2355
1040.8	2366
1038.78	2372
1036.76	2286
1034.74	2309
1032.71	2304
1030.69	2289
1028.66	2290
1026.64	2217
1024.61	2283
1022.58	2172
1020.55	2201
1018.52	2185
1016.49	2163
1014.46	2152
1012.43	2184
1010.4	2145
1008.36	2161
1006.33	2156
1004.29	2062
1002.26	2118
1000.22	2089
998.184	2135
996.146	2074
994.108	2093
992.068	2141
990.028	2043
987.986	2108
985.944	2083
983.901	2099
981.858	2141
979.813	2150
977.768	2126
975.722	2112
973.675	2102
971.627	2095
969.579	2125
967.53	2141
965.48	2158
963.429	2145
961.377	2164
959.325	2147
957.273	2175
955.218	2181
953.163	2149
951.108	2168
949.051	2128
946.994	2178
944.936	2145
942.878	2169
940.818	2158
938.758	2132
936.697	2153
934.634	2189
932.572	2113
930.509	2141
928.444	2172
926.379	2185
924.313	2165
922.246	2203
920.179	2149
918.111	2216
916.041	2181
913.972	2185
911.901	2174
909.829	2205
907.757	2210
905.684	2199
903.61	2209
901.535	2219
899.46	2189
897.383	2229
895.306	2196
893.228	2205
891.149	2252
889.069	2203
886.989	2237
884.908	2264
882.826	2261
880.743	2264
878.659	2268
876.575	2251
874.49	2276
872.403	2305
870.317	2334
868.229	2284
866.141	2286
864.051	2340
861.961	2315
859.87	2329
857.779	2340
855.685	2325
853.592	2326
851.498	2388
849.403	2375
847.307	2392
845.211	2377
843.113	2427
841.015	2412
838.916	2432
836.816	2438
834.715	2389
832.613	2388
830.511	2410
828.408	2400
826.304	2405
824.199	2441
822.093	2472
819.987	2439
817.879	2466
815.771	2395
813.663	2487
811.553	2452
809.442	2478
807.331	2507
805.218	2436
803.105	2454
800.992	2502
798.877	2425
796.761	2496
794.645	2488
792.527	2537
790.41	2521
788.291	2469
786.171	2468
784.051	2488
781.929	2521
779.807	2557
777.684	2535
775.56	2572
773.436	2562
771.31	2587
769.184	2579
767.057	2572
764.929	2634
762.8	2645
760.67	2696
758.54	2632
756.409	2672
754.277	2657
752.143	2677
750.01	2658
747.875	2718
745.74	2700
743.603	2701
741.466	2685
739.328	2713
737.189	2721
735.049	2708
732.909	2677
730.768	2727
728.626	2761
726.483	2707
724.339	2708
722.194	2719
720.049	2690
717.903	2793
715.755	2726
713.607	2720
711.458	2714
709.308	2737
707.158	2685
705.007	2693
702.855	2698
700.701	2727
698.548	2653
696.393	2695
694.237	2631
692.081	2693
689.923	2640
687.765	2669
685.606	2632
683.446	2650
681.286	2705
679.124	2658
676.962	2703
674.798	2654
672.635	2717
670.469	2677
668.304	2721
666.137	2670
663.969	2675
661.801	2719
659.632	2709
657.462	2703
655.291	2699
653.119	2694
650.947	2708
648.773	2745
646.599	2768
644.424	2756
642.248	2755
640.071	2758
637.893	2753
635.714	2798
633.535	2836
631.354	2818
629.173	2873
626.992	2787
624.809	2839
622.625	2858
620.44	2839
618.255	2903
616.069	2874
613.882	2882
611.694	2879
609.505	2888
607.315	2896
605.124	2891
602.933	2887
600.741	2870
598.548	2922
596.354	2888
594.158	2882
591.963	2902
589.766	2949
587.569	2913
585.37	2950
583.171	2959
580.971	2951
578.769	2975
576.569	2989
574.365	2951
572.161	3000
569.957	3016
567.752	2964
565.545	3053
563.339	2996
561.13	3054
558.922	3074
556.712	3044
554.502	3075
552.291	3070
550.078	3069
547.865	3079
545.651	3076
543.436	3120
541.22	3125
539.004	3163
536.787	3164
534.568	3190
532.349	3182
530.128	3237
527.907	3250
525.686	3264
523.463	3291
521.239	3289
519.015	3275
516.789	3293
514.563	3300
512.335	3298
510.107	3383
507.879	3308
505.648	3369
503.418	3348
501.186	3357
498.954	3324
496.721	3374
494.486	3425
492.251	3346
490.015	3407
487.778	3348
485.541	3371
483.302	3417
481.063	3365
478.822	3384
476.581	3446
474.338	3438
472.096	3399
469.851	3447
467.607	3442
465.361	3449
463.114	3497
460.867	3470
458.618	3484
456.369	3515
454.119	3535
451.868	3549
449.616	3493
447.363	3578
445.11	3556
442.854	3646
440.599	3569
438.343	3653
436.085	3701
433.827	3674
431.568	3673
429.308	3779
427.047	3675
424.786	3695
422.522	3727
420.259	3753
417.994	3744
415.729	3754
413.463	3810
411.196	3800
408.927	3797
406.658	3842
404.389	3837
402.118	3893
399.846	3826
397.573	3849
395.3	3901
393.025	3827
390.75	3871
388.474	3845
386.196	3799
383.919	3903
381.64	3880
379.36	3858
377.08	3917
374.798	3934
372.515	3860
370.231	3894
367.947	3931
365.662	3953
363.376	3955
361.089	3984
358.801	4003
356.511	4008
354.222	4001
351.931	4096
349.639	4024
347.347	4028
345.053	4032
342.759	4077
340.463	4070
338.167	4172
335.871	4168
333.572	4152
331.273	4173
328.974	4253
326.673	4186
324.371	4214
322.068	4318
319.765	4335
317.46	4353
315.154	4421
312.849	4449
310.541	4499
308.233	4562
305.924	4591
303.614	4613
301.303	4655
298.992	4744
296.679	4849
294.365	4924
292.051	4993
289.734	5182
287.418	5260
285.101	5337
282.783	5498
280.463	5553
278.144	5725
275.822	5822
273.5	5951
271.178	6103
268.853	6301
266.529	6403
264.203	6647
261.876	6670
259.548	6866
257.22	7115
254.891	7170
252.561	7402
250.229	7541
247.897	7711
245.564	7932
243.23	8083
240.895	8201
238.559	8563
236.222	8660
233.884	8964
231.545	9080
229.206	9425
226.865	9704
224.524	9964
222.181	10306
219.838	10670
217.493	11007
215.148	11220
212.802	11504
210.455	11891
208.106	12233
205.758	12392
203.407	12744
201.056	13196
198.705	13566
196.351	13777
193.997	13978
191.643	14410
189.288	14738
186.931	14995
184.574	15163
182.214	15613
179.855	15979
177.495	16325
175.134	16520
172.771	16724
170.408	16887
168.044	17238
165.679	17631
163.312	17990
160.946	17894
158.578	18072
156.208	18417
153.838	18660
151.468	18855
149.097	19261
146.724	19326
144.349	19557
141.975	19906
139.599	20200
137.223	20375
134.846	20645
132.467	20869
130.088	21319
127.707	21560
125.326	21902
122.944	22277
120.56	22819
118.177	23430
115.791	24282
113.405	25107
111.018	25517
108.63	26292
106.241	26707
103.851	27211
101.46	28334
99.0686	29463
96.675	31100
94.2815	32830
91.8872	34062
89.4909	35727
87.0947	37554
84.6966	39694
82.2976	42219
79.8987	45373
77.4979	48560
75.0962	52205
72.6935	57247
70.29	62658
67.8855	64524
65.4801	64524
63.0739	64524
60.6667	64524
58.2586	64524
55.8495	64524
53.4386	64524
51.0278	64524
48.616	64524
46.2023	64524
43.7887	64524
41.3732	64524
38.9568	64524
36.5404	64524
34.1222	64524
31.703	64524
29.2829	64524
26.8618	64524
24.4399	64524
22.017	64524
19.5932	64524
17.1685	64524
14.7429	64524
12.3153	64524
9.88782	64524
7.4594	64524
5.02907	64524
2.5988	64524
0.166609	64524
-2.26552	64524
-4.69956	64524
-7.13454	64524
-9.57045	64524
-12.0063	64524
-14.4441	64524
-16.8828	64524
-19.3224	64524
-21.763	64524
-24.2045	64524
-26.6479	64524
-29.0913	64524
-31.5356	64524
-33.9808	64524
-36.428	64524
-38.8751	64524
-41.3241	64524
-43.7731	64524
-46.224	64524
-48.6749	64524
-51.1277	64524
-53.5814	64524
-56.0361	64524
-58.4907	64524
-60.9473	64524
-63.4048	64524
-65.8633	64524
-68.3227	63165
-70.783	55945
-73.2453	49414
-75.7075	44128
-78.1707	39555
-80.6348	35323
-83.1009	31707
-85.5669	28565
-88.0349	25534
-90.5028	23098
-92.9727	20982
-95.4425	18940
-97.9143	17031
-100.387	15401
-102.861	13801
-105.334	12539
-107.81	11346
-110.286	10338
-112.764	9437
-115.242	8639
-117.722	7942
-120.203	7183
-122.684	6461
-125.167	5777
-127.65	5256
-130.135	4817
-132.62	4390
-135.106	4053
-137.594	3847
-140.082	3478
-142.572	3213
-145.063	2861
-147.554	2571
-150.047	2366
-152.541	2173
-155.036	2051
-157.532	1897
-160.028	1776
-162.526	1675
-165.025	1575
-167.525	1470
-170.025	1421
-172.527	1352
-175.029	1306
-177.534	1198
-180.038	1199
-182.544	1099
-185.051	1084
-187.559	1027
-190.068	985
-192.577	994
-195.089	980
-197.6	996
-200.113	958
-202.628	901
-205.143	879
-207.659	868
-210.176	884
-212.694	851
-215.213	825
-217.734	852
-220.255	830
-222.777	806
-225.3	814
-227.824	779
-230.349	772
-232.876	755
-235.403	735
-237.932	689
-240.461	726
-242.992	700
-245.523	686
-248.056	674
-250.589	647
-253.124	653
-255.66	648
-258.197	649
-260.734	643
-263.273	634
-265.813	621
-268.354	612
-270.896	609
-273.439	604
-275.982	573
-278.527	571
-281.074	574
-283.621	557
-286.169	550
-288.718	533
-291.269	520
-293.82	513
-296.372	481
-298.925	483
-301.48	487
-304.035	460
-306.592	455
-309.15	475
-311.708	478
-314.268	454
-316.828	454
-319.39	446
-321.953	444
-324.517	391
-327.082	443
-329.648	417
-332.215	421
-334.783	426
-337.352	390
-339.922	376
-342.493	385
-345.066	399
-347.639	401
-350.213	391
-352.789	384
-355.365	391
-357.943	390
-360.521	373
-363.101	332
-365.681	364
-368.263	354
-370.847	357
-373.431	325
-376.015	340
-378.601	342
-381.188	325
-383.777	329
-386.366	313
-388.956	334
-391.548	345
-394.14	323
-396.733	329
-399.328	319
-401.923	309
-404.521	305
-407.118	314
-409.717	311
-412.317	310
-414.918	289
-417.52	289
-420.123	279
-422.727	282
-425.332	287
-427.939	285
-430.546	289
-433.155	278
-435.764	299
-438.374	276
-440.986	253
-443.599	283
-446.213	283
-448.828	264
-451.444	286
-454.061	287
-456.68	274
-459.299	258
-461.919	260
-464.54	253
-467.163	258
-469.786	267
-472.411	279
-475.037	258
-477.663	237
-480.292	251
-482.92	270
-485.551	250
-488.182	239
-490.814	241
-493.447	254
-496.082	257
-498.717	239
-501.354	240
-503.992	243
-506.63	233
-509.27	245
-511.911	232
-514.553	258
-517.197	228
-519.841	231
-522.486	223
-525.133	248
-527.78	227
-530.429	202
-533.078	232
-535.729	222
-538.381	220
-541.034	244
-543.688	235
-546.343	236
-548.999	239
-551.657	196
-554.316	238
-556.975	242
-559.636	226
-562.297	226
-564.961	214
-567.625	237
-570.29	223
-572.956	219
-575.623	217
-578.292	223
-580.961	221
-583.632	232
-586.303	220
-588.976	233
-591.65	240
-594.326	245
-597.002	238
-599.679	244
-602.358	225
-605.037	224
-607.718	231
-610.399	219
-613.082	242
-615.767	209
-618.452	234
-621.138	232
-623.825	228
-626.514	231
-629.203	237
-631.893	217
-634.586	224
-637.278	248
-639.973	242
-642.667	245
-645.364	255
-648.061	248
-650.76	228
-653.46	253
-656.16	259
-658.862	236
-661.566	256
-664.269	250
-666.974	259
-669.681	242
-672.389	230
-675.097	250
-677.807	257
-680.518	254
-683.23	249
-685.943	253
-688.658	253
-691.373	241
-694.089	247
-696.807	245
-699.526	215
-702.245	237
-704.966	215
-707.689	246
-710.412	241
-713.136	242
-715.863	231
-718.589	240
-721.317	241
-724.046	253
-726.776	243
-729.508	254
-732.24	236
-734.974	237
-737.709	255
-740.444	272
-743.182	247
-745.919	232
-748.659	251
-751.399	220
-754.141	234
-756.883	240
-759.627	254
-762.372	242
-765.119	234
-767.866	233
-770.615	256
-773.365	249
-776.115	273
-778.867	249
-781.62	259
-784.375	246
-787.13	263
-789.886	235
-792.644	249
-795.402	254
-798.162	253
-800.924	236
-803.686	254
-806.449	227
-809.215	231
-811.98	251
-814.747	246
-817.516	251
-820.284	250
-823.054	236
-825.827	250
-828.599	243
-831.373	234
-834.149	227
-836.924	240
-839.702	241
-842.48	234
-845.26	263
-848.042	218
-850.823	256
-853.606	259
-856.391	241
-859.177	242
-861.963	229
-864.751	228
-867.54	234
-870.331	239
-873.122	221
-875.915	245
-878.709	248
-881.504	241
-884.3	234
-887.097	237
-889.895	245
-892.695	254
-895.496	233
-898.298	267
-901.101	219
-903.905	229
-906.711	211
-909.518	243
-912.325	230
-915.134	248
-917.945	239
-920.756	226
-923.569	238
-926.383	241
-929.198	252
-932.013	246
-934.831	257
-937.649	251
-940.47	247
-943.29	252
-946.113	259
-948.936	277
-951.761	252
-954.586	260
-957.413	272
-960.242	242
-963.07	277
-965.901	268
-968.733	248
-971.565	260
-974.399	247
-977.235	267
-980.072	244
-982.908	272
-985.747	266
-988.588	286
-991.429	258
-994.271	264
-997.115	244
-999.96	267
-1002.81	277
-1005.65	269
-1008.5	252
-1011.35	282
-1014.2	264
-1017.05	259
-1019.91	293
-1022.76	282
-1025.62	253
-1028.47	280
-1031.33	262
-1034.19	297
-1037.05	291
-1039.91	259
-1042.78	276
-1045.64	275
-1048.51	297
-1051.37	294
-1054.24	306
-1057.11	278
-1059.98	298
-1062.85	289
-1065.72	293
-1068.6	301
-1071.47	307
-1074.35	303
-1077.23	305
-1080.11	307
-1082.99	303
-1085.87	318
-1088.75	338
-1091.63	325
-1094.52	324
-1097.4	324
-1100.29	323
-1103.18	329
-1106.07	313
-1108.96	320
-1111.85	346
-1114.75	346
-1117.64	361
-1120.54	347
-1123.43	348
-1126.33	323
-1129.23	355
-1132.13	355
-1135.03	378
-1137.94	382
-1140.84	364
-1143.75	380
-1146.65	376
-1149.56	383
-1152.47	421
-1155.38	402
-1158.3	422
-1161.21	434
-1164.12	458
-1167.04	493
-1169.96	481
-1172.87	527
-1175.79	611
-1178.71	679
-1181.64	745
-1184.56	889
-1187.48	1090
-1190.41	1214
-1193.33	1376
-1196.26	1487
-1199.19	1673
-1202.12	1901
-1205.06	2139
-1207.99	2398
-1210.92	2582
-1213.86	2843
-1216.8	3101
-1219.73	3318
-1222.67	3593
-1225.61	3827
-1228.55	4104
-1231.5	4443
-1234.44	4795
-1237.39	5365
-1240.33	5918
-1243.28	6730
-1246.23	8594
-1249.18	12250
-1252.14	15045
-1255.09	17331
-1258.04	16709
-1261	17213
-1263.96	17111
-1266.91	15993
-1269.87	13892
-1272.83	12443
-1275.8	10475
-1278.76	7772
-1281.72	5331
-1284.69	3260
-1287.66	1894
-1290.62	1398
-1293.59	1210
-1296.57	1162
-1299.54	956
-1302.51	813
-1305.49	769
-1308.46	693
-1311.44	691
-1314.42	640
-1317.4	619
-1320.38	605
-1323.36	591
-1326.34	604
-1329.33	560
-1332.32	600
-1335.3	577
-1338.29	568
-1341.28	570
-1344.27	584
-1347.27	548
-1350.26	579
-1353.26	554
-1356.25	537
-1359.25	550
-1362.25	520
-1365.25	530
-1368.25	503
-1371.25	463
-1374.26	457
-1377.26	418
-1380.27	397
-1383.28	378
-1386.29	330
-1389.3	331
-1392.31	279
