2745.96	359
2744.58	345
2743.19	331
2741.81	329
2740.42	341
2739.03	340
2737.64	335
2736.25	348
2734.86	341
2733.47	351
2732.08	364
2730.69	356
2729.3	360
2727.91	355
2726.51	342
2725.12	344
2723.73	348
2722.33	360
2720.94	370
2719.54	343
2718.15	348
2716.75	352
2715.35	374
2713.96	355
2712.56	374
2711.16	358
2709.76	344
2708.36	339
2706.96	366
2705.56	357
2704.16	369
2702.76	356
2701.36	364
2699.96	353
2698.56	363
2697.15	379
2695.75	362
2694.34	384
2692.94	375
2691.53	374
2690.13	378
2688.72	363
2687.31	368
2685.91	366
2684.5	397
2683.09	375
2681.68	398
2680.27	388
2678.86	387
2677.45	409
2676.04	392
2674.63	381
2673.22	386
2671.81	394
2670.39	373
2668.98	376
2667.57	391
2666.15	371
2664.74	411
2663.32	379
2661.91	404
2660.49	396
2659.07	386
2657.65	424
2656.24	402
2654.82	416
2653.4	410
2651.98	411
2650.56	416
2649.14	413
2647.72	412
2646.3	431
2644.87	408
2643.45	418
2642.03	411
2640.61	406
2639.18	432
2637.76	418
2636.33	413
2634.91	410
2633.48	423
2632.05	416
2630.62	443
2629.2	451
2627.77	461
2626.34	440
2624.91	434
2623.48	418
2622.05	422
2620.62	457
2619.19	424
2617.76	427
2616.32	427
2614.89	427
2613.46	421
2612.02	434
2610.59	448
2609.15	462
2607.72	470
2606.28	445
2604.85	443
2603.41	426
2601.97	453
2600.53	473
2599.09	481
2597.65	464
2596.22	449
2594.78	451
2593.33	481
2591.89	447
2590.45	450
2589.01	447
2587.57	470
2586.12	453
2584.68	482
2583.23	471
2581.79	482
2580.34	477
2578.9	487
2577.45	499
2576	456
2574.56	489
2573.11	509
2571.66	468
2570.21	484
2568.76	482
2567.31	487
2565.86	469
2564.41	488
2562.96	498
2561.51	485
2560.05	514
2558.6	489
2557.15	514
2555.69	509
2554.24	507
2552.78	513
2551.32	513
2549.87	503
2548.41	495
2546.95	508
2545.5	505
2544.04	517
2542.58	510
2541.12	502
2539.66	508
2538.2	557
2536.74	535
2535.27	543
2533.81	529
2532.35	534
2530.89	525
2529.42	540
2527.96	538
2526.49	539
2525.03	543
2523.56	523
2522.09	554
2520.63	531
2519.16	548
2517.69	532
2516.22	550
2514.75	545
2513.28	530
2511.81	554
2510.34	554
2508.87	571
2507.4	537
2505.93	559
2504.45	577
2502.98	547
2501.51	576
2500.03	569
2498.56	578
2497.08	569
2495.6	556
2494.13	566
2492.65	559
2491.17	545
2489.69	589
2488.22	588
2486.74	575
2485.26	582
2483.78	601
2482.29	593
2480.81	606
2479.33	580
2477.85	587
2476.36	585
2474.88	587
2473.4	569
2471.91	590
2470.43	602
2468.94	587
2467.45	632
2465.97	609
2464.48	613
2462.99	633
2461.5	588
2460.01	602
2458.52	609
2457.03	607
2455.54	583
2454.05	630
2452.56	583
2451.07	625
2449.57	618
2448.08	624
2446.59	633
2445.09	630
2443.6	619
2442.1	615
2440.6	626
2439.11	659
2437.61	613
2436.11	630
2434.61	654
2433.12	639
2431.62	642
2430.12	649
2428.62	625
2427.11	659
2425.61	636
2424.11	647
2422.61	657
2421.1	639
2419.6	660
2418.1	670
2416.59	648
2415.09	675
2413.58	664
2412.07	680
2410.57	647
2409.06	674
2407.55	684
2406.04	700
2404.53	678
2403.02	692
2401.51	673
2400	682
2398.49	680
2396.98	671
2395.46	670
2393.95	689
2392.44	665
2390.92	698
2389.41	694
2387.89	711
2386.38	687
2384.86	715
2383.34	683
2381.82	707
2380.31	738
2378.79	704
2377.27	712
2375.75	698
2374.23	716
2372.71	715
2371.19	712
2369.66	736
2368.14	721
2366.62	744
2365.09	732
2363.57	742
2362.04	760
2360.52	745
2358.99	730
2357.47	724
2355.94	747
2354.41	742
2352.88	753
2351.35	757
2349.83	732
2348.3	736
2346.77	737
2345.23	779
2343.7	763
2342.17	764
2340.64	768
2339.1	743
2337.57	806
2336.04	772
2334.5	762
2332.97	768
2331.43	804
2329.89	763
2328.36	728
2326.82	809
2325.28	784
2323.74	788
2322.2	774
2320.66	784
2319.12	805
2317.58	774
2316.04	798
2314.5	781
2312.95	816
2311.41	823
2309.87	835
2308.32	809
2306.78	815
2305.23	820
2303.68	814
2302.14	800
2300.59	829
2299.04	834
2297.49	844
2295.94	869
2294.39	812
2292.84	833
2291.29	839
2289.74	832
2288.19	843
2286.64	848
2285.09	841
2283.53	864
2281.98	846
2280.42	844
2278.87	866
2277.31	837
2275.76	882
2274.2	857
2272.64	876
2271.08	859
2269.52	903
2267.96	883
2266.4	889
2264.84	880
2263.28	900
2261.72	876
2260.16	886
2258.6	905
2257.03	878
2255.47	896
2253.9	950
2252.34	911
2250.77	917
2249.21	935
2247.64	902
2246.07	925
2244.51	922
2242.94	939
2241.37	926
2239.8	927
2238.23	913
2236.66	929
2235.09	958
2233.51	1003
2231.94	966
2230.37	947
2228.79	963
2227.22	981
2225.65	950
2224.07	981
2222.49	962
2220.92	974
2219.34	967
2217.76	977
2216.18	941
2214.61	973
2213.03	997
2211.45	1000
2209.86	953
2208.28	993
2206.7	987
2205.12	1013
2203.54	1006
2201.95	1019
2200.37	1037
2198.78	966
2197.2	1015
2195.61	1049
2194.03	980
2192.44	1019
2190.85	1029
2189.26	1038
2187.67	1039
2186.09	1020
2184.5	1038
2182.9	1003
2181.31	1063
2179.72	1050
2178.13	1008
2176.54	1097
2174.94	1092
2173.35	1080
2171.75	1095
2170.16	1092
2168.56	1063
2166.97	1104
2165.37	1104
2163.77	1072
2162.17	1092
2160.58	1084
2158.98	1102
2157.38	1084
2155.78	1128
2154.17	1086
2152.57	1124
2150.97	1101
2149.37	1112
2147.76	1124
2146.16	1127
2144.56	1100
2142.95	1135
2141.34	1114
2139.74	1130
2138.13	1104
2136.52	1142
2134.91	1156
2133.31	1175
2131.7	1171
2130.09	1156
2128.48	1155
2126.86	1140
2125.25	1136
2123.64	1182
2122.03	1152
2120.41	1152
2118.8	1196
2117.18	1180
2115.57	1141
2113.95	1118
2112.34	1160
2110.72	1186
2109.1	1140
2107.48	1155
2105.86	1221
2104.25	1190
2102.63	1175
2101	1160
2099.38	1198
2097.76	1203
2096.14	1197
2094.52	1184
2092.89	1188
2091.27	1227
2089.64	1208
2088.02	1217
2086.39	1208
2084.76	1212
2083.14	1234
2081.51	1212
2079.88	1213
2078.25	1170
2076.62	1256
2074.99	1231
2073.36	1242
2071.73	1227
2070.1	1251
2068.46	1242
2066.83	1268
2065.2	1237
2063.56	1260
2061.93	1220
2060.29	1245
2058.65	1290
2057.02	1243
2055.38	1230
2053.74	1232
2052.1	1221
2050.46	1307
2048.82	1244
2047.18	1247
2045.54	1264
2043.9	1249
2042.26	1268
2040.61	1300
2038.97	1270
2037.33	1264
2035.68	1267
2034.04	1272
2032.39	1264
2030.74	1267
2029.1	1246
2027.45	1294
2025.8	1272
2024.15	1268
2022.5	1298
2020.85	1271
2019.2	1283
2017.55	1298
2015.89	1270
2014.24	1277
2012.59	1288
2010.93	1274
2009.28	1267
2007.62	1285
2005.97	1287
2004.31	1288
2002.65	1311
2001	1288
1999.34	1323
1997.68	1330
1996.02	1332
1994.36	1332
1992.7	1314
1991.04	1282
1989.38	1323
1987.71	1306
1986.05	1348
1984.39	1303
1982.72	1359
1981.06	1348
1979.39	1317
1977.72	1358
1976.06	1358
1974.39	1344
1972.72	1362
1971.05	1329
1969.38	1369
1967.71	1383
1966.04	1374
1964.37	1383
1962.7	1327
1961.03	1421
1959.35	1384
1957.68	1407
1956	1408
1954.33	1366
1952.65	1379
1950.98	1380
1949.3	1406
1947.62	1352
1945.94	1409
1944.27	1412
1942.59	1414
1940.91	1417
1939.23	1430
1937.54	1421
1935.86	1432
1934.18	1391
1932.5	1437
1930.81	1421
1929.13	1427
1927.44	1414
1925.76	1420
1924.07	1435
1922.39	1455
1920.7	1412
1919.01	1421
1917.32	1426
1915.63	1460
1913.94	1428
1912.25	1476
1910.56	1455
1908.87	1465
1907.17	1450
1905.48	1478
1903.79	1476
1902.09	1498
1900.4	1495
1898.7	1513
1897.01	1537
1895.31	1504
1893.61	1521
1891.91	1520
1890.21	1539
1888.51	1505
1886.81	1552
1885.11	1561
1883.41	1552
1881.71	1574
1880.01	1581
1878.3	1556
1876.6	1557
1874.9	1622
1873.19	1619
1871.48	1621
1869.78	1598
1868.07	1589
1866.36	1629
1864.65	1620
1862.95	1669
1861.24	1641
1859.53	1647
1857.81	1679
1856.1	1684
1854.39	1709
1852.68	1699
1850.96	1704
1849.25	1752
1847.54	1722
1845.82	1741
1844.1	1742
1842.39	1764
1840.67	1788
1838.95	1767
1837.23	1771
1835.51	1803
1833.79	1828
1832.07	1824
1830.35	1814
1828.63	1816
1826.91	1866
1825.18	1812
1823.46	1880
1821.74	1899
1820.01	1918
1818.29	1953
1816.56	1942
1814.83	1892
1813.1	1960
1811.38	1941
1809.65	1969
1807.92	2001
1806.19	2034
1804.46	2006
1802.73	2005
1800.99	1993
1799.26	2027
1797.53	2051
1795.79	2107
1794.06	2075
1792.32	2097
1790.59	2092
1788.85	2134
1787.11	2146
1785.37	2100
1783.64	2189
1781.9	2166
1780.16	2221
1778.42	2205
1776.67	2238
1774.93	2237
1773.19	2275
1771.45	2245
1769.7	2281
1767.96	2259
1766.21	2319
1764.47	2348
1762.72	2375
1760.97	2377
1759.23	2438
1757.48	2438
1755.73	2408
1753.98	2442
1752.23	2511
1750.48	2513
1748.73	2511
1746.97	2540
1745.22	2551
1743.47	2564
1741.71	2593
1739.96	2620
1738.2	2632
1736.44	2708
1734.69	2690
1732.93	2663
1731.17	2740
1729.41	2772
1727.65	2810
1725.89	2785
1724.13	2844
1722.37	2846
1720.61	2838
1718.85	2889
1717.08	2961
1715.32	2924
1713.55	3033
1711.79	3077
1710.02	3021
1708.25	3007
1706.49	3082
1704.72	3147
1702.95	3181
1701.18	3171
1699.41	3120
1697.64	3233
1695.87	3270
1694.09	3235
1692.32	3332
1690.55	3294
1688.77	3377
1687	3377
1685.22	3380
1683.45	3464
1681.67	3487
1679.89	3505
1678.11	3503
1676.34	3518
1674.56	3580
1672.78	3676
1671	3625
1669.21	3702
1667.43	3695
1665.65	3666
1663.86	3718
1662.08	3745
1660.3	3775
1658.51	3796
1656.72	3789
1654.94	3831
1653.15	3857
1651.36	3920
1649.57	3862
1647.78	3917
1645.99	3970
1644.2	3897
1642.41	3942
1640.62	3965
1638.82	3979
1637.03	3917
1635.24	3949
1633.44	4007
1631.65	3987
1629.85	4018
1628.05	4003
1626.25	3959
1624.46	3916
1622.66	4010
1620.86	3957
1619.06	3954
1617.26	3968
1615.45	3956
1613.65	3989
1611.85	3953
1610.04	3965
1608.24	3952
1606.43	4002
1604.63	3907
1602.82	3963
1601.02	3955
1599.21	3938
1597.4	3915
1595.59	3856
1593.78	3924
1591.97	3914
1590.16	3967
1588.35	3904
1586.53	3920
1584.72	3930
1582.91	3917
1581.09	3910
1579.28	3854
1577.46	3870
1575.64	3865
1573.82	3831
1572.01	3897
1570.19	3933
1568.37	3869
1566.55	3847
1564.73	3830
1562.91	3855
1561.08	3793
1559.26	3825
1557.44	3864
1555.61	3795
1553.79	3830
1551.96	3845
1550.14	3807
1548.31	3744
1546.48	3778
1544.65	3717
1542.82	3769
1540.99	3742
1539.16	3752
1537.33	3723
1535.5	3723
1533.67	3741
1531.83	3699
1530	3700
1528.16	3666
1526.33	3650
1524.49	3727
1522.66	3738
1520.82	3650
1518.98	3663
1517.14	3611
1515.3	3634
1513.46	3687
1511.62	3649
1509.78	3632
1507.94	3650
1506.09	3655
1504.25	3654
1502.41	3653
1500.56	3592
1498.71	3605
1496.87	3582
1495.02	3633
1493.17	3621
1491.32	3576
1489.47	3607
1487.63	3643
1485.77	3585
1483.92	3615
1482.07	3604
1480.22	3588
1478.36	3580
1476.51	3633
1474.66	3628
1472.8	3664
1470.94	3682
1469.09	3646
1467.23	3677
1465.37	3622
1463.51	3662
1461.65	3671
1459.79	3743
1457.93	3703
1456.07	3711
1454.2	3685
1452.34	3612
1450.48	3610
1448.61	3646
1446.75	3658
1444.88	3633
1443.01	3588
1441.14	3591
1439.28	3617
1437.41	3603
1435.54	3565
1433.67	3540
1431.8	3588
1429.92	3603
1428.05	3538
1426.18	3549
1424.3	3560
1422.43	3496
1420.55	3522
1418.68	3493
1416.8	3509
1414.92	3508
1413.04	3554
1411.17	3559
1409.29	3493
1407.41	3515
1405.52	3494
1403.64	3503
1401.76	3514
1399.88	3453
1397.99	3476
1396.11	3459
1394.22	3482
1392.34	3445
1390.45	3491
1388.56	3434
1386.67	3370
1384.78	3513
1382.89	3447
1381	3450
1379.11	3435
1377.22	3469
1375.33	3449
1373.43	3414
1371.54	3367
1369.65	3434
1367.75	3477
1365.85	3445
1363.96	3473
1362.06	3494
1360.16	3537
1358.26	3495
1356.36	3487
1354.46	3481
1352.56	3535
1350.66	3545
1348.75	3508
1346.85	3528
1344.95	3531
1343.04	3534
1341.14	3529
1339.23	3516
1337.32	3486
1335.42	3562
1333.51	3563
1331.6	3569
1329.69	3546
1327.78	3631
1325.86	3603
1323.95	3626
1322.04	3635
1320.13	3623
1318.21	3612
1316.3	3682
1314.38	3673
1312.46	3736
1310.55	3736
1308.63	3790
1306.71	3789
1304.79	3799
1302.87	3850
1300.95	3854
1299.03	3889
1297.1	3927
1295.18	3984
1293.26	3939
1291.33	3987
1289.41	3995
1287.48	4028
1285.55	4072
1283.63	4066
1281.7	4096
1279.77	4076
1277.84	4072
1275.91	4162
1273.98	4145
1272.05	4166
1270.11	4240
1268.18	4142
1266.24	4175
1264.31	4185
1262.37	4187
1260.44	4180
1258.5	4171
1256.56	4158
1254.62	4221
1252.68	4106
1250.74	4146
1248.8	4112
1246.86	4075
1244.92	4043
1242.98	4035
1241.03	4053
1239.09	3896
1237.14	3948
1235.2	3866
1233.25	3842
1231.3	3813
1229.35	3762
1227.4	3734
1225.45	3631
1223.5	3625
1221.55	3557
1219.6	3485
1217.65	3471
1215.69	3390
1213.74	3333
1211.78	3321
1209.83	3289
1207.87	3276
1205.91	3217
1203.96	3201
1202	3145
1200.04	3091
1198.08	3062
1196.12	2987
1194.15	3063
1192.19	2995
1190.23	2962
1188.26	2997
1186.3	2920
1184.33	2944
1182.37	2922
1180.4	2871
1178.43	2875
1176.46	2886
1174.49	2898
1172.52	2835
1170.55	2904
1168.58	2882
1166.61	2867
1164.64	2821
1162.66	2824
1160.69	2792
1158.71	2817
1156.73	2890
1154.76	2807
1152.78	2858
1150.8	2880
1148.82	2837
1146.84	2857
1144.86	2802
1142.88	2899
1140.9	2870
1138.91	2835
1136.93	2859
1134.95	2811
1132.96	2832
1130.97	2849
1128.99	2836
1127	2822
1125.01	2776
1123.02	2840
1121.03	2801
1119.04	2854
1117.05	2851
1115.06	2768
1113.07	2850
1111.07	2783
1109.08	2795
1107.08	2754
1105.09	2810
1103.09	2779
1101.09	2786
1099.09	2758
1097.09	2751
1095.09	2757
1093.09	2756
1091.09	2741
1089.09	2719
1087.09	2686
1085.08	2667
1083.08	2734
1081.07	2653
1079.07	2716
1077.06	2647
1075.05	2706
1073.04	2635
1071.03	2657
1069.02	2676
1067.01	2620
1065	2655
1062.99	2704
1060.98	2661
1058.96	2616
1056.95	2620
1054.93	2652
1052.92	2632
1050.9	2567
1048.88	2630
1046.86	2602
1044.84	2534
1042.82	2534
1040.8	2534
1038.78	2525
1036.76	2463
1034.74	2447
1032.71	2429
1030.69	2459
1028.66	2395
1026.64	2418
1024.61	2450
1022.58	2423
1020.55	2342
1018.52	2348
1016.49	2365
1014.46	2347
1012.43	2328
1010.4	2313
1008.36	2332
1006.33	2335
1004.29	2354
1002.26	2342
1000.22	2309
998.184	2316
996.146	2292
994.108	2307
992.068	2329
990.028	2293
987.986	2324
985.944	2316
983.901	2300
981.858	2263
979.813	2361
977.768	2328
975.722	2352
973.675	2322
971.627	2334
969.579	2333
967.53	2376
965.48	2368
963.429	2399
961.377	2367
959.325	2331
957.273	2374
955.218	2398
953.163	2338
951.108	2382
949.051	2406
946.994	2345
944.936	2385
942.878	2383
940.818	2357
938.758	2357
936.697	2407
934.634	2397
932.572	2364
930.509	2355
928.444	2411
926.379	2402
924.313	2437
922.246	2422
920.179	2422
918.111	2390
916.041	2431
913.972	2415
911.901	2405
909.829	2397
907.757	2445
905.684	2404
903.61	2420
901.535	2423
899.46	2443
897.383	2425
895.306	2436
893.228	2480
891.149	2496
889.069	2512
886.989	2489
884.908	2488
882.826	2502
880.743	2502
878.659	2502
876.575	2493
874.49	2548
872.403	2527
870.317	2565
868.229	2573
866.141	2635
864.051	2582
861.961	2590
859.87	2629
857.779	2617
855.685	2706
853.592	2655
851.498	2701
849.403	2667
847.307	2651
845.211	2645
843.113	2732
841.015	2701
838.916	2736
836.816	2706
834.715	2779
832.613	2774
830.511	2791
828.408	2778
826.304	2725
824.199	2752
822.093	2769
819.987	2796
817.879	2759
815.771	2791
813.663	2790
811.553	2767
809.442	2804
807.331	2802
805.218	2808
803.105	2809
800.992	2804
798.877	2880
796.761	2863
794.645	2794
792.527	2845
790.41	2830
788.291	2838
786.171	2874
784.051	2837
781.929	2909
779.807	2915
777.684	2951
775.56	2967
773.436	2957
771.31	2955
769.184	3014
767.057	3002
764.929	3036
762.8	3035
760.67	3068
758.54	3115
756.409	3029
754.277	3062
752.143	3120
750.01	3130
747.875	3110
745.74	3137
743.603	3129
741.466	3148
739.328	3131
737.189	3115
735.049	3191
732.909	3161
730.768	3154
728.626	3114
726.483	3186
724.339	3152
722.194	3157
720.049	3195
717.903	3127
715.755	3133
713.607	3190
711.458	3183
709.308	3162
707.158	3134
705.007	3071
702.855	3155
700.701	3088
698.548	3129
696.393	3131
694.237	3110
692.081	3138
689.923	3102
687.765	3095
685.606	3074
683.446	3121
681.286	3105
679.124	3119
676.962	3142
674.798	3159
672.635	3145
670.469	3155
668.304	3140
666.137	3177
663.969	3176
661.801	3131
659.632	3164
657.462	3152
655.291	3185
653.119	3186
650.947	3234
648.773	3264
646.599	3258
644.424	3239
642.248	3257
640.071	3273
637.893	3244
635.714	3275
633.535	3326
631.354	3297
629.173	3315
626.992	3382
624.809	3382
622.625	3349
620.44	3419
618.255	3432
616.069	3431
613.882	3427
611.694	3465
609.505	3452
607.315	3454
605.124	3394
602.933	3466
600.741	3501
598.548	3504
596.354	3465
594.158	3521
591.963	3551
589.766	3527
587.569	3518
585.37	3499
583.171	3561
580.971	3516
578.769	3548
576.569	3527
574.365	3570
572.161	3565
569.957	3558
567.752	3618
565.545	3596
563.339	3637
561.13	3639
558.922	3645
556.712	3623
554.502	3686
552.291	3631
550.078	3726
547.865	3763
545.651	3984
543.436	4575
541.22	3802
539.004	3783
536.787	3772
534.568	3814
532.349	3834
530.128	3879
527.907	3850
525.686	3922
523.463	3929
521.239	3945
519.015	3952
516.789	3933
514.563	3959
512.335	3989
510.107	3997
507.879	4026
505.648	4081
503.418	4022
501.186	4001
498.954	4065
496.721	4055
494.486	4049
492.251	4077
490.015	4091
487.778	4095
485.541	4048
483.302	4085
481.063	4127
478.822	4108
476.581	4112
474.338	4154
472.096	4171
469.851	4150
467.607	4160
465.361	4214
463.114	4149
460.867	4208
458.618	4209
456.369	4220
454.119	4283
451.868	4367
449.616	4288
447.363	4213
445.11	4348
442.854	4260
440.599	4348
438.343	4426
436.085	4357
433.827	4422
431.568	4416
429.308	4452
427.047	4457
424.786	4513
422.522	4575
420.259	4566
417.994	4474
415.729	4581
413.463	4611
411.196	4528
408.927	4587
406.658	4597
404.389	4635
402.118	4614
399.846	4624
397.573	4594
395.3	4611
393.025	4608
390.75	4653
388.474	4606
386.196	4625
383.919	4634
381.64	4670
379.36	4705
377.08	4679
374.798	4689
372.515	4731
370.231	4707
367.947	4699
365.662	4690
363.376	4729
361.089	4778
358.801	4778
356.511	4810
354.222	4791
351.931	4857
349.639	4861
347.347	4913
345.053	4933
342.759	4856
340.463	4903
338.167	4965
335.871	5005
333.572	4927
331.273	4980
328.974	4996
326.673	5005
324.371	5051
322.068	5114
319.765	5104
317.46	5186
315.154	5229
312.849	5278
310.541	5405
308.233	5456
305.924	5535
303.614	5605
301.303	5607
298.992	5787
296.679	5802
294.365	5904
292.051	6009
289.734	6178
287.418	6396
285.101	6377
282.783	6524
280.463	6649
278.144	6685
275.822	6946
273.5	7051
271.178	7390
268.853	7493
266.529	7605
264.203	7815
261.876	8038
259.548	8139
257.22	8369
254.891	8617
252.561	8772
250.229	8859
247.897	9316
245.564	9455
243.23	9735
240.895	9974
238.559	10240
236.222	10532
233.884	10728
231.545	11090
229.206	11441
226.865	11676
224.524	11902
222.181	12302
219.838	12535
217.493	12827
215.148	13150
212.802	13629
210.455	13819
208.106	14342
205.758	14670
203.407	15263
201.056	15479
198.705	15794
196.351	16477
193.997	16803
191.643	17128
189.288	17442
186.931	17919
184.574	18439
182.214	18782
179.855	18922
177.495	19213
175.134	19552
172.771	19936
170.408	20287
168.044	20643
165.679	20861
163.312	20880
160.946	21274
158.578	21624
156.208	22072
153.838	22251
151.468	22480
149.097	22585
146.724	22852
144.349	23078
141.975	23460
139.599	24058
137.223	24259
134.846	24420
132.467	24879
130.088	25340
127.707	25689
125.326	26226
122.944	26642
120.56	26778
118.177	27502
115.791	28083
113.405	29021
111.018	29763
108.63	30625
106.241	31385
103.851	32200
101.46	33393
99.0686	34392
96.675	35657
94.2815	37147
91.8872	39062
89.4909	40753
87.0947	42770
84.6966	45217
82.2976	47824
79.8987	50613
77.4979	53827
75.0962	57517
72.6935	61905
70.29	64524
67.8855	64524
65.4801	64524
63.0739	64524
60.6667	64524
58.2586	64524
55.8495	64524
53.4386	64524
51.0278	64524
48.616	64524
46.2023	64524
43.7887	64524
41.3732	64524
38.9568	64524
36.5404	64524
34.1222	64524
31.703	64524
29.2829	64524
26.8618	64524
24.4399	64524
22.017	64524
19.5932	64524
17.1685	64524
14.7429	64524
12.3153	64524
9.88782	64524
7.4594	64524
5.02907	64524
2.5988	64524
0.166609	64524
-2.26552	64524
-4.69956	64524
-7.13454	64524
-9.57045	64524
-12.0063	64524
-14.4441	64524
-16.8828	64524
-19.3224	64524
-21.763	64524
-24.2045	64524
-26.6479	64524
-29.0913	64524
-31.5356	64524
-33.9808	64524
-36.428	64524
-38.8751	64524
-41.3241	64524
-43.7731	64524
-46.224	64524
-48.6749	64524
-51.1277	64524
-53.5814	64524
-56.0361	64524
-58.4907	64524
-60.9473	64524
-63.4048	64524
-65.8633	64524
-68.3227	57314
-70.783	50623
-73.2453	44849
-75.7075	39882
-78.1707	35536
-80.6348	31621
-83.1009	28184
-85.5669	25345
-88.0349	22913
-90.5028	20670
-92.9727	18447
-95.4425	16706
-97.9143	15233
-100.387	13645
-102.861	12461
-105.334	11234
-107.81	10457
-110.286	9471
-112.764	8629
-115.242	7829
-117.722	7047
-120.203	6405
-122.684	5764
-125.167	5191
-127.65	4773
-130.135	4392
-132.62	4023
-135.106	3768
-137.594	3438
-140.082	3109
-142.572	2840
-145.063	2542
-147.554	2374
-150.047	2091
-152.541	1991
-155.036	1830
-157.532	1743
-160.028	1651
-162.526	1524
-165.025	1434
-167.525	1335
-170.025	1328
-172.527	1276
-175.029	1220
-177.534	1153
-180.038	1108
-182.544	1028
-185.051	1012
-187.559	1020
-190.068	945
-192.577	934
-195.089	918
-197.6	884
-200.113	880
-202.628	875
-205.143	827
-207.659	841
-210.176	804
-212.694	804
-215.213	780
-217.734	798
-220.255	773
-222.777	764
-225.3	756
-227.824	726
-230.349	719
-232.876	713
-235.403	696
-237.932	692
-240.461	669
-242.992	648
-245.523	653
-248.056	630
-250.589	634
-253.124	621
-255.66	610
-258.197	605
-260.734	619
-263.273	581
-265.813	587
-268.354	587
-270.896	569
-273.439	586
-275.982	553
-278.527	544
-281.074	506
-283.621	535
-286.169	511
-288.718	497
-291.269	490
-293.82	487
-296.372	464
-298.925	468
-301.48	473
-304.035	471
-306.592	470
-309.15	444
-311.708	440
-314.268	439
-316.828	442
-319.39	415
-321.953	402
-324.517	416
-327.082	432
-329.648	393
-332.215	398
-334.783	409
-337.352	364
-339.922	398
-342.493	363
-345.066	375
-347.639	373
-350.213	368
-352.789	373
-355.365	354
-357.943	346
-360.521	371
-363.101	346
-365.681	325
-368.263	355
-370.847	325
-373.431	342
-376.015	335
-378.601	337
-381.188	330
-383.777	323
-386.366	315
-388.956	318
-391.548	309
-394.14	301
-396.733	300
-399.328	298
-401.923	303
-404.521	299
-407.118	287
-409.717	298
-412.317	275
-414.918	274
-417.52	278
-420.123	284
-422.727	271
-425.332	260
-427.939	279
-430.546	259
-433.155	268
-435.764	240
-438.374	268
-440.986	260
-443.599	262
-446.213	260
-448.828	254
-451.444	238
-454.061	254
-456.68	239
-459.299	250
-461.919	235
-464.54	253
-467.163	249
-469.786	240
-472.411	229
-475.037	244
-477.663	255
-480.292	249
-482.92	210
-485.551	227
-488.182	232
-490.814	220
-493.447	235
-496.082	219
-498.717	236
-501.354	242
-503.992	224
-506.63	246
-509.27	224
-511.911	234
-514.553	261
-517.197	252
-519.841	217
-522.486	234
-525.133	231
-527.78	211
-530.429	232
-533.078	233
-535.729	219
-538.381	224
-541.034	214
-543.688	208
-546.343	213
-548.999	218
-551.657	220
-554.316	211
-556.975	224
-559.636	205
-562.297	211
-564.961	218
-567.625	218
-570.29	218
-572.956	207
-575.623	196
-578.292	207
-580.961	219
-583.632	219
-586.303	226
-588.976	206
-591.65	230
-594.326	204
-597.002	224
-599.679	215
-602.358	227
-605.037	225
-607.718	216
-610.399	236
-613.082	230
-615.767	218
-618.452	237
-621.138	220
-623.825	222
-626.514	239
-629.203	221
-631.893	241
-634.586	234
-637.278	233
-639.973	244
-642.667	219
-645.364	237
-648.061	229
-650.76	217
-653.46	238
-656.16	222
-658.862	249
-661.566	223
-664.269	233
-666.974	211
-669.681	231
-672.389	231
-675.097	234
-677.807	225
-680.518	250
-683.23	252
-685.943	234
-688.658	237
-691.373	231
-694.089	233
-696.807	228
-699.526	233
-702.245	213
-704.966	248
-707.689	241
-710.412	230
-713.136	243
-715.863	243
-718.589	232
-721.317	249
-724.046	215
-726.776	226
-729.508	240
-732.24	226
-734.974	237
-737.709	226
-740.444	237
-743.182	230
-745.919	243
-748.659	243
-751.399	247
-754.141	227
-756.883	249
-759.627	230
-762.372	224
-765.119	248
-767.866	244
-770.615	239
-773.365	223
-776.115	242
-778.867	242
-781.62	226
-784.375	252
-787.13	242
-789.886	233
-792.644	229
-795.402	243
-798.162	230
-800.924	227
-803.686	247
-806.449	237
-809.215	238
-811.98	233
-814.747	240
-817.516	250
-820.284	213
-823.054	231
-825.827	221
-828.599	238
-831.373	227
-834.149	223
-836.924	230
-839.702	233
-842.48	221
-845.26	234
-848.042	236
-850.823	219
-853.606	221
-856.391	229
-859.177	223
-861.963	230
-864.751	228
-867.54	219
-870.331	221
-873.122	222
-875.915	233
-878.709	228
-881.504	252
-884.3	219
-887.097	235
-889.895	255
-892.695	224
-895.496	202
-898.298	216
-901.101	230
-903.905	198
-906.711	216
-909.518	213
-912.325	222
-915.134	239
-917.945	217
-920.756	240
-923.569	243
-926.383	241
-929.198	220
-932.013	227
-934.831	222
-937.649	230
-940.47	241
-943.29	238
-946.113	238
-948.936	255
-951.761	231
-954.586	239
-957.413	229
-960.242	251
-963.07	246
-965.901	256
-968.733	248
-971.565	255
-974.399	248
-977.235	239
-980.072	252
-982.908	246
-985.747	248
-988.588	240
-991.429	240
-994.271	276
-997.115	267
-999.96	278
-1002.81	258
-1005.65	264
-1008.5	244
-1011.35	282
-1014.2	257
-1017.05	269
-1019.91	270
-1022.76	256
-1025.62	269
-1028.47	265
-1031.33	255
-1034.19	281
-1037.05	264
-1039.91	279
-1042.78	283
-1045.64	274
-1048.51	271
-1051.37	260
-1054.24	290
-1057.11	288
-1059.98	291
-1062.85	294
-1065.72	314
-1068.6	307
-1071.47	282
-1074.35	300
-1077.23	281
-1080.11	285
-1082.99	296
-1085.87	289
-1088.75	308
-1091.63	283
-1094.52	319
-1097.4	324
-1100.29	289
-1103.18	316
-1106.07	322
-1108.96	322
-1111.85	316
-1114.75	323
-1117.64	328
-1120.54	311
-1123.43	339
-1126.33	320
-1129.23	322
-1132.13	332
-1135.03	328
-1137.94	334
-1140.84	350
-1143.75	363
-1146.65	360
-1149.56	392
-1152.47	385
-1155.38	395
-1158.3	410
-1161.21	436
-1164.12	430
-1167.04	447
-1169.96	486
-1172.87	495
-1175.79	580
-1178.71	653
-1181.64	726
-1184.56	859
-1187.48	1004
-1190.41	1160
-1193.33	1309
-1196.26	1403
-1199.19	1552
-1202.12	1772
-1205.06	1986
-1207.99	2195
-1210.92	2434
-1213.86	2574
-1216.8	2790
-1219.73	2935
-1222.67	3202
-1225.61	3477
-1228.55	3805
-1231.5	4081
-1234.44	4450
-1237.39	4989
-1240.33	5631
-1243.28	6511
-1246.23	8113
-1249.18	11147
-1252.14	13709
-1255.09	14674
-1258.04	15314
-1261	15627
-1263.96	15464
-1266.91	14505
-1269.87	13069
-1272.83	10927
-1275.8	9042
-1278.76	6908
-1281.72	4729
-1284.69	3097
-1287.66	1880
-1290.62	1339
-1293.59	1114
-1296.57	1063
-1299.54	879
-1302.51	800
-1305.49	718
-1308.46	677
-1311.44	668
-1314.42	612
-1317.4	602
-1320.38	575
-1323.36	569
-1326.34	550
-1329.33	550
-1332.32	543
-1335.3	554
-1338.29	563
-1341.28	535
-1344.27	545
-1347.27	510
-1350.26	515
-1353.26	496
-1356.25	494
-1359.25	515
-1362.25	471
-1365.25	396
-1368.25	386
-1371.25	409
-1374.26	398
-1377.26	376
-1380.27	374
-1383.28	339
-1386.29	323
-1389.3	297
-1392.31	264
